
100000,25,0.00025
200000,53,0.000265
300000,76,0.000253333
400000,104,0.00026
500000,127,0.000254
600000,157,0.000261667
700000,184,0.000262857
800000,207,0.00025875
900000,235,0.000261111
1000000,251,0.000251
1100000,274,0.000249091
1200000,299,0.000249167
1300000,326,0.000250769
1400000,341,0.000243571
1500000,378,0.000252
1600000,405,0.000253125
1700000,422,0.000248235
1800000,447,0.000248333
1900000,470,0.000247368
2000000,500,0.00025
2100000,528,0.000251429
2200000,554,0.000251818
2300000,576,0.000250435
2400000,603,0.00025125
2500000,618,0.0002472
2600000,640,0.000246154
2700000,659,0.000244074
2800000,694,0.000247857
2900000,720,0.000248276
3000000,739,0.000246333
3100000,754,0.000243226
3200000,777,0.000242813
3300000,812,0.000246061
3400000,832,0.000244706
3500000,855,0.000244286
3600000,880,0.000244444
3700000,899,0.000242973
3800000,917,0.000241316
3900000,939,0.000240769
4000000,968,0.000242
4100000,992,0.000241951
4200000,1012,0.000240952
4300000,1038,0.000241395
4400000,1061,0.000241136
4500000,1084,0.000240889
4600000,1110,0.000241304
4700000,1135,0.000241489
4800000,1161,0.000241875
4900000,1189,0.000242653
5000000,1217,0.0002434
5100000,1250,0.000245098
5200000,1290,0.000248077
5300000,1316,0.000248302
5400000,1343,0.000248704
5500000,1365,0.000248182
5600000,1396,0.000249286
5700000,1423,0.000249649
5800000,1444,0.000248966
5900000,1464,0.000248136
6000000,1488,0.000248
6100000,1504,0.000246557
6200000,1527,0.00024629
6300000,1549,0.000245873
6400000,1574,0.000245937
6500000,1597,0.000245692
6600000,1615,0.000244697
6700000,1643,0.000245224
6800000,1667,0.000245147
6900000,1693,0.000245362
7000000,1719,0.000245571
7100000,1750,0.000246479
7200000,1771,0.000245972
7300000,1796,0.000246027
7400000,1818,0.000245676
7500000,1845,0.000246
7600000,1870,0.000246053
7700000,1895,0.000246104
7800000,1928,0.00024718
7900000,1959,0.000247975
8000000,1998,0.00024975
8100000,2024,0.000249877
8200000,2048,0.000249756
8300000,2071,0.000249518
8400000,2091,0.000248929
8500000,2107,0.000247882
8600000,2127,0.000247326
8700000,2152,0.000247356
8800000,2171,0.000246705
8900000,2189,0.000245955
9000000,2210,0.000245556
9100000,2230,0.000245055
9200000,2245,0.000244022
9300000,2271,0.000244194
9400000,2290,0.000243617
9500000,2307,0.000242842
9600000,2332,0.000242917
9700000,2357,0.00024299
9800000,2379,0.000242755
9900000,2409,0.000243333
10000000,2431,0.0002431
10100000,2460,0.000243564
10200000,2486,0.000243725
10300000,2515,0.000244175
10400000,2543,0.000244519
10500000,2560,0.00024381
10600000,2584,0.000243774
10700000,2608,0.000243738
10800000,2634,0.000243889
10900000,2645,0.000242661
11000000,2671,0.000242818
11100000,2697,0.000242973
11200000,2720,0.000242857
11300000,2738,0.000242301
11400000,2758,0.00024193
11500000,2790,0.000242609
11600000,2820,0.000243103
11700000,2844,0.000243077
11800000,2867,0.000242966
11900000,2887,0.000242605
12000000,2903,0.000241917
12100000,2928,0.000241983
12200000,2954,0.000242131
12300000,2968,0.000241301
12400000,2995,0.000241532
12500000,3019,0.00024152
12600000,3045,0.000241667
12700000,3070,0.000241732
12800000,3102,0.000242344
12900000,3124,0.000242171
13000000,3151,0.000242385
13100000,3172,0.000242137
13200000,3191,0.000241742
13300000,3212,0.000241504
13400000,3233,0.000241269
13500000,3252,0.000240889
13600000,3278,0.000241029
13700000,3300,0.000240876
13800000,3320,0.00024058
13900000,3341,0.00024036
14000000,3364,0.000240286
14100000,3392,0.000240567
14200000,3412,0.000240282
14300000,3436,0.00024028
14400000,3450,0.000239583
14500000,3479,0.000239931
14600000,3501,0.000239795
14700000,3512,0.000238912
14800000,3529,0.000238446
14900000,3559,0.000238859
15000000,3574,0.000238267
15100000,3605,0.000238742
15200000,3630,0.000238816
15300000,3646,0.000238301
15400000,3674,0.000238571
15500000,3695,0.000238387
15600000,3717,0.000238269
15700000,3739,0.000238153
15800000,3756,0.000237722
15900000,3784,0.000237987
16000000,3801,0.000237563
16100000,3823,0.000237453
16200000,3851,0.000237716
16300000,3883,0.000238221
16400000,3905,0.00023811
16500000,3945,0.000239091
16600000,3967,0.000238976
16700000,3996,0.000239281
16800000,4006,0.000238452
16900000,4020,0.00023787
17000000,4041,0.000237706
17100000,4071,0.00023807
17200000,4095,0.000238081
17300000,4114,0.000237803
17400000,4131,0.000237414
17500000,4154,0.000237371
17600000,4180,0.0002375
17700000,4201,0.000237345
17800000,4228,0.000237528
17900000,4254,0.000237654
18000000,4275,0.0002375
18100000,4298,0.000237459
18200000,4316,0.000237143
18300000,4335,0.000236885
18400000,4356,0.000236739
18500000,4382,0.000236865
18600000,4406,0.000236882
18700000,4431,0.000236952
18800000,4454,0.000236915
18900000,4481,0.00023709
19000000,4515,0.000237632
19100000,4535,0.000237435
19200000,4566,0.000237813
19300000,4590,0.000237824
19400000,4604,0.00023732
19500000,4632,0.000237538
19600000,4659,0.000237704
19700000,4684,0.000237766
19800000,4707,0.000237727
19900000,4729,0.000237638
20000000,4748,0.0002374
20100000,4774,0.000237512
20200000,4795,0.000237376
20300000,4815,0.000237192
20400000,4844,0.000237451
20500000,4866,0.000237366
20600000,4888,0.000237282
20700000,4915,0.00023744
20800000,4943,0.000237644
20900000,4963,0.000237464
21000000,4983,0.000237286
21100000,5003,0.000237109
21200000,5025,0.000237028
21300000,5051,0.000237136
21400000,5077,0.000237243
21500000,5094,0.00023693
21600000,5130,0.0002375
21700000,5147,0.000237189
21800000,5172,0.000237248
21900000,5193,0.000237123
22000000,5222,0.000237364
22100000,5238,0.000237014
22200000,5268,0.000237297
22300000,5291,0.000237265
22400000,5308,0.000236964
22500000,5328,0.0002368
22600000,5354,0.000236903
22700000,5370,0.000236564
22800000,5401,0.000236886
22900000,5424,0.000236856
23000000,5445,0.000236739
23100000,5469,0.000236753
23200000,5493,0.000236767
23300000,5519,0.000236867
23400000,5540,0.000236752
23500000,5562,0.000236681
23600000,5582,0.000236525
23700000,5612,0.000236793
23800000,5628,0.000236471
23900000,5651,0.000236444
24000000,5675,0.000236458
24100000,5696,0.000236349
24200000,5718,0.000236281
24300000,5744,0.000236379
24400000,5767,0.000236352
24500000,5785,0.000236122
24600000,5807,0.000236057
24700000,5840,0.000236437
24800000,5867,0.000236573
24900000,5892,0.000236627
25000000,5913,0.00023652
25100000,5930,0.000236255
25200000,5963,0.000236627
25300000,5986,0.000236601
25400000,6009,0.000236575
25500000,6038,0.000236784
25600000,6062,0.000236797
25700000,6088,0.000236887
25800000,6099,0.000236395
25900000,6118,0.000236216
26000000,6141,0.000236192
26100000,6160,0.000236015
26200000,6188,0.000236183
26300000,6211,0.00023616
26400000,6230,0.000235985
26500000,6257,0.000236113
26600000,6281,0.000236128
26700000,6306,0.00023618
26800000,6330,0.000236194