
100000,145,0.00145
200000,285,0.001425
300000,421,0.00140333
400000,571,0.0014275
500000,726,0.001452
600000,855,0.001425
700000,986,0.00140857
800000,1135,0.00141875
900000,1291,0.00143444
1000000,1418,0.001418
1100000,1553,0.00141182
1200000,1691,0.00140917
1300000,1834,0.00141077
1400000,1978,0.00141286
1500000,2097,0.001398
1600000,2238,0.00139875
1700000,2384,0.00140235
1800000,2510,0.00139444
1900000,2650,0.00139474
2000000,2796,0.001398
2100000,2962,0.00141048
2200000,3103,0.00141045
2300000,3245,0.00141087
2400000,3399,0.00141625
2500000,3551,0.0014204
2600000,3680,0.00141538
2700000,3830,0.00141852
2800000,3969,0.0014175
2900000,4125,0.00142241
3000000,4259,0.00141967
3100000,4419,0.00142548
3200000,4566,0.00142688
3300000,4714,0.00142848
3400000,4854,0.00142765
3500000,5003,0.00142943
3600000,5139,0.0014275
3700000,5276,0.00142595
3800000,5395,0.00141974
3900000,5546,0.00142205
4000000,5681,0.00142025
4100000,5836,0.00142341
4200000,5983,0.00142452
4300000,6124,0.00142419
4400000,6287,0.00142886
4500000,6405,0.00142333
4600000,6547,0.00142326
4700000,6702,0.00142596
4800000,6850,0.00142708
4900000,6994,0.00142735
5000000,7133,0.0014266
5100000,7269,0.00142529
5200000,7418,0.00142654
5300000,7564,0.00142717
5400000,7722,0.00143
5500000,7877,0.00143218
5600000,8014,0.00143107
5700000,8159,0.0014314
5800000,8310,0.00143276
5900000,8462,0.00143424
6000000,8612,0.00143533
6100000,8739,0.00143262
6200000,8910,0.0014371
6300000,9049,0.00143635
6400000,9181,0.00143453
6500000,9309,0.00143215
6600000,9433,0.00142924
6700000,9591,0.00143149
6800000,9718,0.00142912
6900000,9864,0.00142957
7000000,10024,0.001432
7100000,10183,0.00143423
7200000,10321,0.00143347
7300000,10447,0.0014311
7400000,10587,0.00143068
7500000,10736,0.00143147
7600000,10893,0.00143329
7700000,11025,0.00143182
7800000,11150,0.00142949
7900000,11302,0.00143063
8000000,11452,0.0014315
8100000,11590,0.00143086
8200000,11733,0.00143085
8300000,11846,0.00142723
8400000,11983,0.00142655
8500000,12108,0.00142447
8600000,12237,0.00142291
8700000,12377,0.00142264
8800000,12519,0.00142261
8900000,12658,0.00142225
9000000,12800,0.00142222
9100000,12936,0.00142154
9200000,13081,0.00142185
9300000,13228,0.00142237
9400000,13369,0.00142223
9500000,13537,0.00142495
9600000,13678,0.00142479
9700000,13823,0.00142505
9800000,13993,0.00142786
9900000,14137,0.00142798
10000000,14279,0.0014279
10100000,14404,0.00142614
10200000,14557,0.00142716
10300000,14700,0.00142718
10400000,14849,0.00142779
10500000,15016,0.0014301
10600000,15159,0.00143009
10700000,15281,0.00142813
10800000,15426,0.00142833
10900000,15578,0.00142917
11000000,15717,0.00142882
11100000,15854,0.00142829
11200000,16013,0.00142973
11300000,16152,0.00142938
11400000,16286,0.0014286
11500000,16430,0.0014287
11600000,16561,0.00142767
11700000,16719,0.00142897
11800000,16858,0.00142864
11900000,16998,0.0014284
12000000,17152,0.00142933
12100000,17283,0.00142835
12200000,17411,0.00142713
12300000,17576,0.00142894
12400000,17728,0.00142968
12500000,17879,0.00143032
12600000,18020,0.00143016
12700000,18136,0.00142803
12800000,18293,0.00142914
12900000,18439,0.00142938
13000000,18565,0.00142808
13100000,18717,0.00142878
13200000,18840,0.00142727
13300000,18998,0.00142842
13400000,19133,0.00142784
13500000,19258,0.00142652
13600000,19427,0.00142846
13700000,19567,0.00142825
13800000,19732,0.00142986
13900000,19887,0.00143072
14000000,20057,0.00143264
14100000,20223,0.00143426
14200000,20363,0.00143401
14300000,20515,0.00143462
14400000,20672,0.00143556
14500000,20822,0.001436
14600000,20952,0.00143507
14700000,21105,0.00143571
14800000,21258,0.00143635
14900000,21414,0.00143718
15000000,21558,0.0014372
15100000,21696,0.00143682
15200000,21858,0.00143803
15300000,22001,0.00143797
15400000,22149,0.00143825
15500000,22289,0.001438
15600000,22427,0.00143763
15700000,22593,0.00143904
15800000,22734,0.00143886
15900000,22860,0.00143774
16000000,22988,0.00143675
16100000,23143,0.00143745
16200000,23279,0.00143698
16300000,23416,0.00143656
16400000,23561,0.00143665
16500000,23712,0.00143709
16600000,23838,0.00143602
16700000,23991,0.00143659
16800000,24144,0.00143714
16900000,24283,0.00143686
17000000,24438,0.00143753
17100000,24578,0.00143731
17200000,24721,0.00143727
17300000,24871,0.00143763
17400000,25019,0.00143787
17500000,25166,0.00143806
17600000,25299,0.00143744
17700000,25447,0.00143768
17800000,25600,0.0014382
17900000,25765,0.00143939
18000000,25896,0.00143867
18100000,26056,0.00143956
18200000,26213,0.00144027
18300000,26360,0.00144044
18400000,26511,0.00144082
18500000,26669,0.00144157
18600000,26802,0.00144097
18700000,26950,0.00144118
18800000,27090,0.00144096
18900000,27231,0.00144079
19000000,27377,0.00144089
19100000,27529,0.00144131
19200000,27674,0.00144135
19300000,27803,0.00144057
19400000,27977,0.00144211
19500000,28118,0.00144195
19600000,28261,0.00144189
19700000,28418,0.00144254
19800000,28551,0.00144197
19900000,28691,0.00144176
20000000,28831,0.00144155
20100000,28983,0.00144194
20200000,29129,0.00144203
20300000,29261,0.00144143
20400000,29412,0.00144176
20500000,29585,0.00144317
20600000,29735,0.00144345
20700000,29864,0.00144271
20800000,29988,0.00144173
20900000,30118,0.00144105
21000000,30253,0.00144062
21100000,30396,0.00144057
21200000,30538,0.00144047
21300000,30674,0.00144009
21400000,30811,0.00143977
21500000,30968,0.00144037
21600000,31084,0.00143907
21700000,31206,0.00143806
21800000,31312,0.00143633
21900000,31454,0.00143626
22000000,31615,0.00143705
22100000,31751,0.0014367
22200000,31913,0.00143752
22300000,32067,0.00143798
22400000,32212,0.00143804
22500000,32362,0.00143831
22600000,32512,0.00143858
22700000,32648,0.00143824
22800000,32794,0.00143833
22900000,32939,0.00143838
23000000,33087,0.00143857
23100000,33240,0.00143896
23200000,33365,0.00143815
23300000,33513,0.00143833
23400000,33674,0.00143906
23500000,33836,0.00143983
23600000,33973,0.00143953
23700000,34132,0.00144017
23800000,34270,0.00143992
23900000,34428,0.0014405
24000000,34562,0.00144008
24100000,34693,0.00143954
24200000,34834,0.00143942
24300000,34981,0.00143955
24400000,35114,0.0014391
24500000,35259,0.00143914
24600000,35430,0.00144024
24700000,35587,0.00144077
24800000,35719,0.00144028
24900000,35870,0.00144056
25000000,36015,0.0014406
25100000,36168,0.00144096
25200000,36312,0.00144095
25300000,36456,0.00144095
25400000,36611,0.00144138
25500000,36740,0.00144078
25600000,36896,0.00144125
25700000,37042,0.00144132
25800000,37174,0.00144085
25900000,37323,0.00144104
26000000,37475,0.00144135
26100000,37614,0.00144115
26200000,37748,0.00144076
26300000,37893,0.0014408
26400000,38048,0.00144121
26500000,38177,0.00144064
26600000,38317,0.00144049
26700000,38460,0.00144045
26800000,38595,0.00144011
26900000,38735,0.00143996
27000000,38870,0.00143963
27100000,38997,0.001439
27200000,39127,0.00143849
27300000,39279,0.00143879
27400000,39422,0.00143876
27500000,39564,0.00143869
27600000,39710,0.00143877
27700000,39862,0.00143906
27800000,39988,0.00143842
27900000,40119,0.00143796
28000000,40267,0.00143811
28100000,40399,0.00143769
28200000,40545,0.00143777
28300000,40674,0.00143724
28400000,40820,0.00143732
28500000,40974,0.00143768
28600000,41110,0.00143741
28700000,41255,0.00143746
28800000,41387,0.00143705
28900000,41544,0.00143751
29000000,41712,0.00143834
29100000,41845,0.00143797
29200000,42004,0.00143849
29300000,42142,0.00143829
29400000,42289,0.0014384
29500000,42439,0.00143861
29600000,42590,0.00143885
29700000,42731,0.00143875
29800000,42878,0.00143886
29900000,43018,0.00143873
30000000,43160,0.00143867
30100000,43298,0.00143847
30200000,43453,0.00143884
30300000,43594,0.00143875
30400000,43740,0.00143882
30500000,43864,0.00143816
30600000,44019,0.00143853
30700000,44148,0.00143805
30800000,44285,0.00143782
30900000,44430,0.00143786
31000000,44569,0.00143771
31100000,44710,0.00143762
31200000,44863,0.00143792
31300000,44991,0.00143741
31400000,45131,0.00143729
31500000,45282,0.00143752
31600000,45415,0.00143718
31700000,45562,0.00143729
31800000,45707,0.00143733
31900000,45861,0.00143765
32000000,46003,0.00143759
32100000,46155,0.00143785
32200000,46301,0.00143792
32300000,46449,0.00143805
32400000,46556,0.00143691
32500000,46699,0.00143689
32600000,46838,0.00143675
32700000,46997,0.00143722
32800000,47155,0.00143765
32900000,47302,0.00143775
33000000,47448,0.00143782
33100000,47591,0.00143779
33200000,47727,0.00143756
33300000,47855,0.00143709
33400000,47991,0.00143686
33500000,48127,0.00143663
33600000,48297,0.00143741
33700000,48434,0.00143721
33800000,48583,0.00143737
33900000,48746,0.00143794
34000000,48883,0.00143774
34100000,49062,0.00143877
34200000,49217,0.00143909
34300000,49358,0.00143901
34400000,49495,0.00143881
34500000,49659,0.00143939
34600000,49799,0.00143928
34700000,49949,0.00143945
34800000,50100,0.00143966
34900000,50243,0.00143963
35000000,50409,0.00144026
35100000,50556,0.00144034
35200000,50696,0.00144023
35300000,50848,0.00144045
35400000,50998,0.00144062
35500000,51122,0.00144006
35600000,51268,0.00144011
35700000,51413,0.00144014
35800000,51560,0.00144022
35900000,51704,0.00144022
36000000,51824,0.00143956
36100000,51955,0.0014392
36200000,52112,0.00143956
36300000,52251,0.00143942
36400000,52410,0.00143984
36500000,52571,0.0014403
36600000,52714,0.00144027
36700000,52845,0.00143992
36800000,52985,0.00143981
36900000,53132,0.00143989
37000000,53274,0.00143984
37100000,53425,0.00144003
37200000,53577,0.00144024
37300000,53715,0.00144008
37400000,53833,0.00143938
37500000,53986,0.00143963
37600000,54117,0.00143928
37700000,54270,0.00143952
37800000,54416,0.00143958
37900000,54568,0.00143979
38000000,54707,0.00143966
38100000,54859,0.00143987
38200000,55005,0.00143992
38300000,55129,0.0014394
38400000,55261,0.00143909
38500000,55401,0.00143899
38600000,55543,0.00143894
38700000,55713,0.00143961
38800000,55863,0.00143977
38900000,56009,0.00143982
39000000,56146,0.00143964
39100000,56300,0.0014399
39200000,56454,0.00144015
39300000,56596,0.0014401
39400000,56743,0.00144018
39500000,56896,0.00144041
39600000,57037,0.00144033
39700000,57179,0.00144028
39800000,57315,0.00144008
39900000,57457,0.00144003
40000000,57583,0.00143957
40100000,57721,0.00143943
40200000,57869,0.00143953
40300000,58018,0.00143965
40400000,58160,0.0014396
40500000,58305,0.00143963
40600000,58458,0.00143985
40700000,58586,0.00143946
40800000,58715,0.00143909
40900000,58860,0.00143912
41000000,59014,0.00143937
41100000,59174,0.00143976
41200000,59332,0.0014401
41300000,59459,0.00143969
41400000,59594,0.00143947
41500000,59743,0.00143959
41600000,59899,0.00143988
41700000,60034,0.00143966
41800000,60176,0.00143962
41900000,60326,0.00143976
42000000,60486,0.00144014
42100000,60616,0.00143981
42200000,60787,0.00144045
42300000,60939,0.00144064
42400000,61077,0.0014405
42500000,61245,0.00144106
42600000,61397,0.00144124
42700000,61540,0.00144122
42800000,61671,0.00144091
42900000,61802,0.00144061
43000000,61937,0.0014404
43100000,62065,0.00144002
43200000,62220,0.00144028
43300000,62361,0.00144021
43400000,62501,0.00144012
43500000,62656,0.00144037
43600000,62782,0.00143995
43700000,62909,0.00143957
43800000,63047,0.00143943
43900000,63177,0.00143911
44000000,63306,0.00143877
44100000,63441,0.00143857
44200000,63590,0.00143869
44300000,63719,0.00143835
44400000,63891,0.00143899
44500000,64032,0.00143892
44600000,64159,0.00143854
44700000,64314,0.00143879
44800000,64455,0.00143873
44900000,64599,0.00143873
45000000,64769,0.00143931
45100000,64914,0.00143933
45200000,65052,0.0014392
45300000,65205,0.0014394
45400000,65351,0.00143945
45500000,65509,0.00143976
45600000,65653,0.00143976
45700000,65793,0.00143967
45800000,65921,0.00143932
45900000,66073,0.0014395
46000000,66230,0.00143978
46100000,66377,0.00143985
46200000,66521,0.00143985
46300000,66679,0.00144015
46400000,66838,0.00144047
46500000,66963,0.00144006
46600000,67099,0.00143989
46700000,67251,0.00144006
46800000,67393,0.00144002
46900000,67533,0.00143994
47000000,67671,0.00143981
47100000,67810,0.0014397
47200000,67954,0.0014397
47300000,68100,0.00143975
47400000,68232,0.00143949
47500000,68383,0.00143964
47600000,68529,0.00143968
47700000,68674,0.00143971
47800000,68832,0.00144
47900000,68983,0.00144015
48000000,69118,0.00143996
48100000,69254,0.00143979
48200000,69414,0.00144012
48300000,69563,0.00144023
48400000,69727,0.00144064
48500000,69862,0.00144045
48600000,69993,0.00144019
48700000,70121,0.00143986
48800000,70293,0.00144043
48900000,70430,0.00144029
49000000,70571,0.00144022
49100000,70727,0.00144047
49200000,70888,0.00144081
49300000,71029,0.00144075
49400000,71180,0.00144089
49500000,71334,0.00144109
49600000,71471,0.00144095
49700000,71626,0.00144117
49800000,71802,0.00144181
49900000,71956,0.001442
50000000,72105,0.0014421
50100000,72240,0.00144192
50200000,72374,0.00144171
50300000,72501,0.00144137
50400000,72631,0.00144109
50500000,72774,0.00144107
50600000,72915,0.00144101
50700000,73047,0.00144077
50800000,73187,0.00144069
50900000,73318,0.00144043
51000000,73459,0.00144037
51100000,73597,0.00144025
51200000,73742,0.00144027
51300000,73891,0.00144037
51400000,74024,0.00144016
51500000,74159,0.00143998
51600000,74306,0.00144004
51700000,74451,0.00144006
51800000,74601,0.00144017
51900000,74759,0.00144044
52000000,74910,0.00144058
52100000,75052,0.00144054
52200000,75194,0.0014405
52300000,75343,0.00144059
52400000,75493,0.00144071
52500000,75646,0.00144088
52600000,75805,0.00144116
52700000,75951,0.0014412
52800000,76071,0.00144074
52900000,76208,0.0014406
53000000,76347,0.00144051
53100000,76486,0.00144041
53200000,76630,0.00144041
53300000,76771,0.00144036
53400000,76909,0.00144024
53500000,77045,0.00144009
53600000,77199,0.00144028
53700000,77368,0.00144074
53800000,77522,0.00144093
53900000,77651,0.00144065
54000000,77794,0.00144063
54100000,77938,0.00144063
54200000,78066,0.00144033
54300000,78227,0.00144064
54400000,78330,0.00143989
54500000,78484,0.00144007
54600000,78612,0.00143978
54700000,78760,0.00143985
54800000,78886,0.00143953
54900000,79015,0.00143925
55000000,79150,0.00143909
55100000,79290,0.00143902
55200000,79438,0.00143909
55300000,79600,0.00143942
55400000,79757,0.00143966
55500000,79884,0.00143935
55600000,80007,0.00143897
55700000,80150,0.00143896
55800000,80302,0.0014391
55900000,80462,0.00143939
56000000,80612,0.0014395
56100000,80760,0.00143957
56200000,80907,0.00143963
56300000,81067,0.00143991
56400000,81213,0.00143995
56500000,81356,0.00143993
56600000,81497,0.00143988
56700000,81641,0.00143988
56800000,81776,0.00143972
56900000,81894,0.00143926
57000000,82037,0.00143925
57100000,82188,0.00143937
57200000,82359,0.00143984
57300000,82510,0.00143997
57400000,82626,0.00143948
57500000,82759,0.00143929
57600000,82923,0.00143964
57700000,83069,0.00143967
57800000,83209,0.0014396
57900000,83362,0.00143976
58000000,83502,0.00143969
58100000,83653,0.00143981
58200000,83795,0.00143978
58300000,83934,0.00143969
58400000,84079,0.00143971
58500000,84226,0.00143976
58600000,84375,0.00143985
58700000,84505,0.00143961
58800000,84634,0.00143935
58900000,84787,0.00143951
59000000,84905,0.00143907
59100000,85050,0.00143909
59200000,85188,0.00143899
59300000,85337,0.00143907
59400000,85469,0.00143887
59500000,85624,0.00143906
59600000,85765,0.00143901
59700000,85898,0.00143883
59800000,86051,0.00143898
59900000,86213,0.00143928
60000000,86371,0.00143952
60100000,86536,0.00143987
60200000,86680,0.00143987
60300000,86822,0.00143983
60400000,86967,0.00143985
60500000,87117,0.00143995
60600000,87287,0.00144038
60700000,87447,0.00144064
60800000,87578,0.00144043
60900000,87738,0.00144069
61000000,87878,0.00144062
61100000,88043,0.00144097
61200000,88183,0.0014409
61300000,88325,0.00144086
61400000,88458,0.00144068
61500000,88601,0.00144067
61600000,88756,0.00144084
61700000,88920,0.00144117
61800000,89044,0.00144084
61900000,89178,0.00144068
62000000,89312,0.00144052
62100000,89439,0.00144024
62200000,89587,0.00144031
62300000,89720,0.00144013
62400000,89856,0.00144
62500000,89997,0.00143995
62600000,90146,0.00144003
62700000,90300,0.00144019
62800000,90441,0.00144014
62900000,90587,0.00144017
63000000,90756,0.00144057
63100000,90900,0.00144057
63200000,91057,0.00144078
63300000,91182,0.00144047
63400000,91321,0.00144039
63500000,91477,0.00144058
63600000,91639,0.00144086
63700000,91764,0.00144057
63800000,91901,0.00144045
63900000,92033,0.00144027
64000000,92172,0.00144019
64100000,92309,0.00144008
64200000,92457,0.00144014
64300000,92584,0.00143988
64400000,92733,0.00143995
64500000,92857,0.00143964
64600000,93016,0.00143988
64700000,93152,0.00143975
64800000,93298,0.00143978
64900000,93451,0.00143992
65000000,93597,0.00143995
65100000,93749,0.00144008
65200000,93906,0.00144028
65300000,94044,0.00144018
65400000,94191,0.00144023
65500000,94329,0.00144014
65600000,94463,0.00143998
65700000,94606,0.00143997
65800000,94757,0.00144008
65900000,94889,0.00143989
66000000,95030,0.00143985
66100000,95196,0.00144018
66200000,95340,0.00144018
66300000,95477,0.00144008
66400000,95644,0.00144042
66500000,95804,0.00144066
66600000,95941,0.00144056
66700000,96090,0.00144063
66800000,96218,0.00144039
66900000,96361,0.00144037
67000000,96487,0.0014401
67100000,96617,0.0014399
67200000,96758,0.00143985
67300000,96898,0.00143979
67400000,97040,0.00143976
67500000,97172,0.00143959
67600000,97306,0.00143944
67700000,97438,0.00143926
67800000,97559,0.00143892
67900000,97701,0.0014389
68000000,97848,0.00143894
68100000,98003,0.0014391
68200000,98146,0.00143909
68300000,98280,0.00143895
68400000,98430,0.00143904
68500000,98569,0.00143896
68600000,98706,0.00143886
68700000,98842,0.00143875
68800000,99003,0.001439
68900000,99150,0.00143904
69000000,99301,0.00143914
69100000,99425,0.00143886
69200000,99567,0.00143883
69300000,99719,0.00143895
69400000,99868,0.00143902
69500000,100002,0.00143888
69600000,100152,0.00143897
69700000,100291,0.0014389
69800000,100426,0.00143877
69900000,100567,0.00143873
70000000,100697,0.00143853
70100000,100849,0.00143864
70200000,101000,0.00143875
70300000,101130,0.00143855
70400000,101285,0.00143871
70500000,101431,0.00143874
70600000,101572,0.0014387
70700000,101729,0.00143888
70800000,101864,0.00143876
70900000,102029,0.00143905
71000000,102145,0.00143866
71100000,102290,0.00143868
71200000,102417,0.00143844
71300000,102575,0.00143864
71400000,102735,0.00143887
71500000,102894,0.00143908
71600000,103027,0.00143892
71700000,103181,0.00143907
71800000,103333,0.00143918
71900000,103481,0.00143924
72000000,103622,0.00143919
72100000,103773,0.00143929
72200000,103902,0.00143909
72300000,104064,0.00143934
72400000,104204,0.00143928
72500000,104342,0.0014392
72600000,104475,0.00143905
72700000,104613,0.00143897
72800000,104743,0.00143878
72900000,104869,0.00143853
73000000,105012,0.00143852
73100000,105156,0.00143852
73200000,105272,0.00143814
73300000,105421,0.00143821
73400000,105572,0.00143831
73500000,105712,0.00143826
73600000,105861,0.00143833
73700000,106009,0.00143839
73800000,106169,0.0014386
73900000,106322,0.00143873
74000000,106455,0.00143858
74100000,106597,0.00143856
74200000,106747,0.00143864
74300000,106907,0.00143886
74400000,107060,0.00143898
74500000,107221,0.00143921
74600000,107363,0.00143918
74700000,107523,0.0014394
74800000,107664,0.00143936
74900000,107835,0.00143972
75000000,107987,0.00143983
75100000,108137,0.00143991
75200000,108294,0.00144008
75300000,108443,0.00144015
75400000,108595,0.00144025
75500000,108737,0.00144023
75600000,108882,0.00144024
75700000,109026,0.00144024
75800000,109167,0.0014402
75900000,109300,0.00144005
76000000,109449,0.00144012
76100000,109591,0.00144009
76200000,109772,0.00144058
76300000,109895,0.0014403
76400000,110051,0.00144046
76500000,110192,0.00144042
76600000,110332,0.00144037
76700000,110474,0.00144034
76800000,110630,0.00144049
76900000,110781,0.00144059
77000000,110914,0.00144044
77100000,111064,0.00144052
77200000,111213,0.00144058
77300000,111337,0.00144032
77400000,111475,0.00144025
77500000,111645,0.00144058
77600000,111785,0.00144053
77700000,111919,0.0014404
77800000,112082,0.00144064
77900000,112232,0.00144072
78000000,112387,0.00144086
78100000,112520,0.00144072
78200000,112661,0.00144068
78300000,112820,0.00144087
78400000,112962,0.00144084
78500000,113111,0.0014409
78600000,113249,0.00144083
78700000,113372,0.00144056
78800000,113542,0.00144089
78900000,113695,0.001441
79000000,113806,0.00144058
79100000,113948,0.00144056
79200000,114076,0.00144035
79300000,114229,0.00144047
79400000,114375,0.00144049
79500000,114511,0.00144039
79600000,114671,0.00144059
79700000,114829,0.00144077
79800000,114968,0.0014407
79900000,115083,0.00144034
80000000,115204,0.00144005
80100000,115353,0.00144011
80200000,115479,0.00143989
80300000,115620,0.00143985
80400000,115757,0.00143976
80500000,115915,0.00143994
80600000,116057,0.00143991
80700000,116209,0.00144001
80800000,116339,0.00143984
80900000,116465,0.00143962
81000000,116606,0.00143958
81100000,116746,0.00143953
81200000,116892,0.00143956
81300000,117035,0.00143954
81400000,117199,0.00143979
81500000,117338,0.00143973
81600000,117476,0.00143966
81700000,117608,0.00143951
81800000,117735,0.0014393
81900000,117887,0.0014394
82000000,118036,0.00143946
82100000,118190,0.00143959
82200000,118341,0.00143967
82300000,118460,0.00143937
82400000,118597,0.00143928
82500000,118728,0.00143913
82600000,118873,0.00143914
82700000,118980,0.00143869
82800000,119127,0.00143873
82900000,119278,0.00143882
83000000,119432,0.00143894
83100000,119562,0.00143877
83200000,119722,0.00143897
83300000,119857,0.00143886
83400000,119999,0.00143884
83500000,120149,0.00143891
83600000,120277,0.00143872
83700000,120419,0.0014387
83800000,120550,0.00143854
83900000,120696,0.00143857
84000000,120828,0.00143843
84100000,120980,0.00143853
84200000,121157,0.00143892
84300000,121292,0.00143881
84400000,121424,0.00143867
84500000,121569,0.00143869
84600000,121709,0.00143864
84700000,121876,0.00143891
84800000,122011,0.00143881
84900000,122146,0.0014387
85000000,122290,0.00143871
85100000,122421,0.00143855
85200000,122572,0.00143864
85300000,122703,0.00143849
85400000,122837,0.00143837
85500000,122967,0.00143821
85600000,123100,0.00143808
85700000,123248,0.00143813
85800000,123395,0.00143817
85900000,123561,0.00143843
86000000,123716,0.00143856
86100000,123855,0.0014385
86200000,123987,0.00143836
86300000,124134,0.0014384
86400000,124295,0.0014386
86500000,124439,0.0014386
86600000,124570,0.00143845
86700000,124735,0.0014387
86800000,124880,0.00143871
86900000,125030,0.00143878
87000000,125200,0.00143908
87100000,125337,0.001439
87200000,125499,0.00143921
87300000,125628,0.00143904
87400000,125767,0.00143898
87500000,125903,0.00143889
87600000,126043,0.00143885
87700000,126191,0.00143889
87800000,126330,0.00143884
87900000,126481,0.00143892
88000000,126596,0.00143859
88100000,126727,0.00143844
88200000,126881,0.00143856
88300000,127053,0.00143888
88400000,127214,0.00143907
88500000,127352,0.00143901
88600000,127494,0.00143898
88700000,127649,0.00143911
88800000,127799,0.00143918
88900000,127940,0.00143915
89000000,128095,0.00143927
89100000,128228,0.00143915
89200000,128353,0.00143893
89300000,128507,0.00143905
89400000,128651,0.00143905
89500000,128797,0.00143907
89600000,128938,0.00143904
89700000,129083,0.00143905
89800000,129229,0.00143908
89900000,129359,0.00143892
90000000,129498,0.00143887
90100000,129629,0.00143872
90200000,129793,0.00143895
90300000,129943,0.00143901
90400000,130091,0.00143906
90500000,130243,0.00143915
90600000,130395,0.00143924
90700000,130513,0.00143895
90800000,130644,0.00143881
90900000,130791,0.00143884
91000000,130941,0.00143891
91100000,131062,0.00143866
91200000,131209,0.0014387
91300000,131371,0.00143889
91400000,131501,0.00143874
91500000,131656,0.00143886
91600000,131806,0.00143893
91700000,131953,0.00143896
91800000,132084,0.00143882
91900000,132231,0.00143886
92000000,132370,0.0014388
92100000,132515,0.00143882
92200000,132662,0.00143885
92300000,132813,0.00143893
92400000,132956,0.00143892
92500000,133115,0.00143908
92600000,133271,0.00143921
92700000,133419,0.00143926
92800000,133563,0.00143926
92900000,133718,0.00143938
93000000,133874,0.00143951
93100000,134024,0.00143957
93200000,134185,0.00143975
93300000,134350,0.00143998
93400000,134488,0.00143991
93500000,134632,0.00143991
93600000,134772,0.00143987
93700000,134909,0.0014398
93800000,135048,0.00143974
93900000,135209,0.00143993
94000000,135342,0.00143981
94100000,135504,0.00144
94200000,135648,0.00144
94300000,135793,0.00144001
94400000,135922,0.00143985
94500000,136065,0.00143984
94600000,136212,0.00143987
94700000,136356,0.00143987
94800000,136494,0.00143981
94900000,136629,0.00143972
95000000,136767,0.00143965
95100000,136909,0.00143963
95200000,137073,0.00143984
95300000,137222,0.0014399
95400000,137379,0.00144003
95500000,137533,0.00144014
95600000,137669,0.00144005
95700000,137819,0.00144011
95800000,137946,0.00143994
95900000,138085,0.00143989
96000000,138240,0.00144
96100000,138384,0.00144
96200000,138552,0.00144025
96300000,138711,0.00144041
96400000,138850,0.00144035
96500000,139004,0.00144046
96600000,139149,0.00144047
96700000,139278,0.00144031
96800000,139407,0.00144015
96900000,139564,0.00144029
97000000,139693,0.00144013
97100000,139830,0.00144006
97200000,139985,0.00144017
97300000,140095,0.00143983
97400000,140217,0.0014396
97500000,140360,0.00143959
97600000,140497,0.00143952
97700000,140634,0.00143945
97800000,140777,0.00143944
97900000,140914,0.00143937
98000000,141067,0.00143946
98100000,141219,0.00143954
98200000,141367,0.00143958
98300000,141506,0.00143953
98400000,141653,0.00143956
98500000,141798,0.00143957
98600000,141950,0.00143966
98700000,142110,0.00143982
98800000,142269,0.00143997
98900000,142402,0.00143986
99000000,142540,0.0014398
99100000,142683,0.00143979
99200000,142823,0.00143975
99300000,142984,0.00143992
99400000,143144,0.00144008
99500000,143290,0.0014401
99600000,143424,0.00144
99700000,143586,0.00144018
99800000,143721,0.00144009
99900000,143871,0.00144015
100000000,144018,0.00144018
100100000,144152,0.00144008
100200000,144284,0.00143996
100300000,144413,0.00143981
100400000,144550,0.00143974
100500000,144702,0.00143982
100600000,144835,0.00143971
100700000,144984,0.00143976
100800000,145135,0.00143983
100900000,145271,0.00143975
101000000,145416,0.00143976
101100000,145556,0.00143972
101200000,145699,0.00143971
101300000,145841,0.00143969
101400000,145979,0.00143964
101500000,146108,0.00143949
101600000,146259,0.00143956
101700000,146438,0.0014399
101800000,146591,0.00143999
101900000,146726,0.0014399
102000000,146876,0.00143996
102100000,147024,0.00144
102200000,147161,0.00143993
102300000,147304,0.00143992
102400000,147447,0.00143991
102500000,147592,0.00143992
102600000,147726,0.00143982
102700000,147889,0.00144001
102800000,148039,0.00144007
102900000,148196,0.00144019
103000000,148348,0.00144027
103100000,148503,0.00144038
103200000,148644,0.00144035
103300000,148813,0.00144059
103400000,148957,0.00144059
103500000,149093,0.00144051
103600000,149220,0.00144035
103700000,149379,0.00144049
103800000,149513,0.0014404
103900000,149654,0.00144037
104000000,149809,0.00144047
104100000,149939,0.00144034
104200000,150086,0.00144036
104300000,150225,0.00144032
104400000,150380,0.00144042
104500000,150537,0.00144055
104600000,150681,0.00144054
104700000,150812,0.00144042
104800000,150946,0.00144032
104900000,151095,0.00144037
105000000,151262,0.00144059
105100000,151401,0.00144054
105200000,151556,0.00144065
105300000,151700,0.00144065
105400000,151827,0.00144048
105500000,151995,0.00144071
105600000,152146,0.00144078
105700000,152285,0.00144073
105800000,152462,0.00144104
105900000,152603,0.00144101
106000000,152730,0.00144085
106100000,152874,0.00144085
106200000,153023,0.00144089
106300000,153180,0.00144102
106400000,153334,0.00144111
106500000,153458,0.00144092
106600000,153593,0.00144083
106700000,153747,0.00144093
106800000,153887,0.00144089
106900000,154011,0.0014407
107000000,154151,0.00144066
107100000,154316,0.00144086
107200000,154476,0.00144101
107300000,154617,0.00144098
107400000,154774,0.0014411
107500000,154910,0.00144102
107600000,155059,0.00144107
107700000,155202,0.00144106
107800000,155340,0.001441
107900000,155486,0.00144102
108000000,155643,0.00144114
108100000,155788,0.00144115
108200000,155944,0.00144126
108300000,156097,0.00144134
108400000,156251,0.00144143
108500000,156386,0.00144135
108600000,156535,0.00144139
108700000,156676,0.00144136
108800000,156823,0.00144139
108900000,156969,0.0014414
109000000,157116,0.00144143
109100000,157271,0.00144153
109200000,157398,0.00144137
109300000,157519,0.00144116
109400000,157660,0.00144113
109500000,157793,0.00144103
109600000,157920,0.00144088
109700000,158032,0.00144058
109800000,158165,0.00144048
109900000,158308,0.00144047
110000000,158448,0.00144044
110100000,158582,0.00144035
110200000,158731,0.00144039
110300000,158860,0.00144025
110400000,159004,0.00144025
110500000,159147,0.00144024
110600000,159293,0.00144026
110700000,159434,0.00144023
110800000,159569,0.00144015
110900000,159689,0.00143994
111000000,159822,0.00143984
111100000,159951,0.0014397
111200000,160094,0.00143969
111300000,160201,0.00143936
111400000,160336,0.00143928
111500000,160478,0.00143926
111600000,160614,0.00143919
111700000,160753,0.00143915
111800000,160893,0.00143911
111900000,161027,0.00143903
112000000,161169,0.00143901
112100000,161306,0.00143895
112200000,161447,0.00143892
112300000,161588,0.0014389
112400000,161736,0.00143893
112500000,161895,0.00143907
112600000,162044,0.00143911
112700000,162167,0.00143893
112800000,162296,0.00143879
112900000,162462,0.00143899
113000000,162595,0.00143889
113100000,162734,0.00143885
113200000,162883,0.0014389
113300000,163025,0.00143888
113400000,163167,0.00143886
113500000,163302,0.00143878
113600000,163446,0.00143879
113700000,163604,0.00143891
113800000,163750,0.00143893
113900000,163887,0.00143887
114000000,164003,0.00143862
114100000,164145,0.00143861
114200000,164288,0.0014386
114300000,164430,0.00143858
114400000,164592,0.00143874
114500000,164746,0.00143883
114600000,164900,0.00143892
114700000,165051,0.00143898
114800000,165217,0.00143917
114900000,165363,0.00143919
115000000,165506,0.00143918
115100000,165667,0.00143933
115200000,165788,0.00143913
115300000,165928,0.0014391
115400000,166062,0.00143901
115500000,166208,0.00143903
115600000,166350,0.00143901
115700000,166481,0.0014389
115800000,166615,0.00143882
115900000,166745,0.0014387
116000000,166903,0.00143882
116100000,167053,0.00143887
116200000,167203,0.00143892
116300000,167365,0.00143908
116400000,167511,0.0014391
116500000,167669,0.00143922
116600000,167823,0.00143931
116700000,167970,0.00143933
116800000,168131,0.00143948
116900000,168273,0.00143946
117000000,168411,0.00143941
117100000,168550,0.00143937
117200000,168687,0.00143931
117300000,168828,0.00143928
117400000,168974,0.0014393
117500000,169121,0.00143933
117600000,169254,0.00143923
117700000,169404,0.00143929
117800000,169520,0.00143905
117900000,169666,0.00143907
118000000,169799,0.00143897
118100000,169933,0.00143889
118200000,170082,0.00143893
118300000,170230,0.00143897
118400000,170368,0.00143892
118500000,170535,0.00143911
118600000,170677,0.0014391
118700000,170835,0.00143922
118800000,170973,0.00143917
118900000,171127,0.00143925
119000000,171278,0.00143931
119100000,171416,0.00143926
119200000,171555,0.00143922
119300000,171698,0.00143921
119400000,171849,0.00143927
119500000,171987,0.00143922
119600000,172153,0.00143941
119700000,172320,0.0014396
119800000,172473,0.00143967
119900000,172620,0.0014397
120000000,172761,0.00143967
120100000,172913,0.00143974
120200000,173074,0.00143988
120300000,173224,0.00143993
120400000,173363,0.00143989
120500000,173510,0.00143992
120600000,173657,0.00143994
120700000,173783,0.00143979
120800000,173951,0.00143999
120900000,174083,0.00143989
121000000,174220,0.00143983
121100000,174374,0.00143992
121200000,174497,0.00143974
121300000,174615,0.00143953
121400000,174748,0.00143944
121500000,174897,0.00143948
121600000,175039,0.00143947
121700000,175160,0.00143928
121800000,175308,0.00143931
121900000,175451,0.0014393
122000000,175597,0.00143932
122100000,175735,0.00143927
122200000,175866,0.00143917
122300000,176017,0.00143922
122400000,176168,0.00143928
122500000,176314,0.0014393
122600000,176462,0.00143933
122700000,176605,0.00143932
122800000,176753,0.00143936
122900000,176890,0.0014393
123000000,177023,0.00143921
123100000,177151,0.00143908
123200000,177293,0.00143907
123300000,177439,0.00143908
123400000,177580,0.00143906
123500000,177730,0.00143911
123600000,177870,0.00143908
123700000,178003,0.00143899
123800000,178129,0.00143884
123900000,178286,0.00143895
124000000,178436,0.001439
124100000,178563,0.00143886
124200000,178723,0.00143899
124300000,178858,0.00143892
124400000,179004,0.00143894
124500000,179163,0.00143906
124600000,179296,0.00143897
124700000,179450,0.00143905
124800000,179607,0.00143916
124900000,179751,0.00143916
125000000,179914,0.00143931
125100000,180042,0.00143918
125200000,180202,0.00143931
125300000,180342,0.00143928
125400000,180474,0.00143919
125500000,180616,0.00143917
125600000,180772,0.00143927
125700000,180926,0.00143935
125800000,181076,0.0014394
125900000,181217,0.00143937
126000000,181353,0.00143931
126100000,181504,0.00143937
126200000,181651,0.00143939
126300000,181788,0.00143933
126400000,181908,0.00143915
126500000,182047,0.00143911
126600000,182196,0.00143915
126700000,182336,0.00143912
126800000,182466,0.00143901
126900000,182617,0.00143906
127000000,182747,0.00143895
127100000,182875,0.00143883
127200000,183014,0.00143879
127300000,183162,0.00143882
127400000,183287,0.00143867
127500000,183429,0.00143866
127600000,183573,0.00143866
127700000,183719,0.00143868
127800000,183840,0.0014385
127900000,183992,0.00143856
128000000,184146,0.00143864
128100000,184296,0.00143869
128200000,184440,0.00143869
128300000,184593,0.00143876
128400000,184749,0.00143886
128500000,184909,0.00143898
128600000,185075,0.00143915
128700000,185214,0.00143911
128800000,185354,0.00143908
128900000,185486,0.00143899
129000000,185642,0.00143909
129100000,185784,0.00143907
129200000,185929,0.00143908
129300000,186087,0.00143919
129400000,186250,0.00143934
129500000,186381,0.00143924
129600000,186537,0.00143933
129700000,186675,0.00143928
129800000,186822,0.00143931
129900000,186951,0.00143919
130000000,187104,0.00143926
130100000,187247,0.00143925
130200000,187394,0.00143928
130300000,187541,0.0014393
130400000,187682,0.00143928
130500000,187832,0.00143933
130600000,187985,0.0014394
130700000,188125,0.00143936
130800000,188269,0.00143937
130900000,188402,0.00143928
131000000,188548,0.0014393
131100000,188698,0.00143934
131200000,188835,0.00143929
131300000,188972,0.00143924
131400000,189120,0.00143927
131500000,189256,0.00143921
131600000,189412,0.0014393
131700000,189567,0.00143938
131800000,189712,0.00143939
131900000,189869,0.00143949
132000000,190016,0.00143952
132100000,190169,0.00143958
132200000,190320,0.00143964
132300000,190456,0.00143958
132400000,190617,0.00143971
132500000,190762,0.00143971
132600000,190891,0.0014396
132700000,191031,0.00143957
132800000,191173,0.00143956
132900000,191322,0.00143959
133000000,191477,0.00143968
133100000,191657,0.00143995
133200000,191799,0.00143993
133300000,191967,0.00144011
133400000,192092,0.00143997
133500000,192219,0.00143984
133600000,192362,0.00143984
133700000,192526,0.00143999
133800000,192670,0.00143999
133900000,192827,0.00144008
134000000,192966,0.00144004
134100000,193101,0.00143998
134200000,193251,0.00144002
134300000,193385,0.00143995
134400000,193531,0.00143996
134500000,193648,0.00143976
134600000,193786,0.00143972
134700000,193951,0.00143987
134800000,194091,0.00143984
134900000,194240,0.00143988
135000000,194394,0.00143996
135100000,194537,0.00143995
135200000,194666,0.00143984
135300000,194801,0.00143977
135400000,194951,0.00143982
135500000,195101,0.00143986
135600000,195252,0.00143991
135700000,195411,0.00144002
135800000,195539,0.0014399
135900000,195706,0.00144007
136000000,195843,0.00144002
136100000,196002,0.00144013
136200000,196130,0.00144001
136300000,196274,0.00144001
136400000,196437,0.00144015
136500000,196580,0.00144015
136600000,196720,0.00144012
136700000,196837,0.00143992
136800000,196983,0.00143993
136900000,197145,0.00144007
137000000,197298,0.00144013
137100000,197416,0.00143994
137200000,197561,0.00143995
137300000,197692,0.00143985
137400000,197838,0.00143987
137500000,197981,0.00143986
137600000,198126,0.00143987
137700000,198265,0.00143983
137800000,198410,0.00143984
137900000,198570,0.00143996
138000000,198714,0.00143996
138100000,198854,0.00143993
138200000,198994,0.0014399
138300000,199142,0.00143993
138400000,199272,0.00143983
138500000,199418,0.00143984
138600000,199572,0.00143991
138700000,199716,0.00143991
138800000,199850,0.00143984
138900000,200025,0.00144006
139000000,200167,0.00144005
139100000,200324,0.00144014
139200000,200472,0.00144017
139300000,200601,0.00144006
139400000,200746,0.00144007
139500000,200872,0.00143994
139600000,201001,0.00143984
139700000,201144,0.00143983
139800000,201266,0.00143967
139900000,201409,0.00143966
140000000,201554,0.00143967
140100000,201697,0.00143966
140200000,201842,0.00143967
140300000,201987,0.00143968
140400000,202137,0.00143972
140500000,202265,0.00143961
140600000,202409,0.00143961
140700000,202551,0.00143959
140800000,202690,0.00143956
140900000,202836,0.00143957
141000000,202996,0.00143969
141100000,203152,0.00143977
141200000,203318,0.00143993
141300000,203481,0.00144006
141400000,203644,0.0014402
141500000,203777,0.00144012
141600000,203913,0.00144006
141700000,204054,0.00144004
141800000,204185,0.00143995
141900000,204341,0.00144004
142000000,204489,0.00144006
142100000,204632,0.00144006
142200000,204771,0.00144002
142300000,204908,0.00143997
142400000,205045,0.00143992
142500000,205173,0.00143981
142600000,205324,0.00143986
142700000,205457,0.00143978
142800000,205619,0.00143991
142900000,205744,0.00143978
143000000,205876,0.00143969
143100000,206021,0.0014397
143200000,206182,0.00143982
143300000,206325,0.00143981
143400000,206462,0.00143976
143500000,206611,0.0014398
143600000,206745,0.00143973
143700000,206898,0.00143979
143800000,207056,0.00143989
143900000,207195,0.00143985
144000000,207335,0.00143983
144100000,207475,0.0014398
144200000,207625,0.00143984
144300000,207772,0.00143986
144400000,207919,0.00143988
144500000,208085,0.00144003
144600000,208212,0.00143992
144700000,208358,0.00143993
144800000,208511,0.00143999
144900000,208662,0.00144004
145000000,208797,0.00143998
145100000,208940,0.00143997
145200000,209067,0.00143986
145300000,209229,0.00143998
145400000,209359,0.00143988
145500000,209512,0.00143995
145600000,209665,0.00144001
145700000,209794,0.0014399
145800000,209923,0.0014398
145900000,210066,0.00143979
146000000,210200,0.00143973
146100000,210333,0.00143965
146200000,210496,0.00143978
146300000,210641,0.00143979
146400000,210774,0.00143971
146500000,210912,0.00143967
146600000,211071,0.00143977
146700000,211215,0.00143978
146800000,211362,0.0014398
146900000,211510,0.00143982
147000000,211632,0.00143967
147100000,211770,0.00143963
147200000,211919,0.00143967
147300000,212055,0.00143961
147400000,212183,0.0014395
147500000,212321,0.00143946
147600000,212468,0.00143949
147700000,212603,0.00143942
147800000,212759,0.00143951
147900000,212933,0.00143971
148000000,213080,0.00143973
148100000,213227,0.00143975
148200000,213365,0.00143971
148300000,213507,0.0014397
148400000,213648,0.00143968
148500000,213823,0.00143989
148600000,213970,0.00143991
148700000,214116,0.00143992
148800000,214256,0.00143989
148900000,214396,0.00143987
149000000,214525,0.00143977
149100000,214659,0.0014397
149200000,214793,0.00143963
149300000,214943,0.00143967
149400000,215080,0.00143963
149500000,215231,0.00143967
149600000,215390,0.00143977
149700000,215543,0.00143983
149800000,215681,0.00143979
149900000,215842,0.00143991
150000000,215984,0.00143989
150100000,216121,0.00143985
150200000,216274,0.00143991
150300000,216415,0.00143989
150400000,216560,0.00143989
150500000,216709,0.00143993
150600000,216860,0.00143997
150700000,217012,0.00144003
150800000,217161,0.00144006
150900000,217322,0.00144017
151000000,217462,0.00144015
151100000,217619,0.00144023
151200000,217761,0.00144022
151300000,217908,0.00144024
151400000,218052,0.00144024
151500000,218192,0.00144021
151600000,218325,0.00144014
151700000,218474,0.00144017
151800000,218626,0.00144022
151900000,218761,0.00144016
152000000,218896,0.00144011
152100000,219027,0.00144002
152200000,219168,0.00144
152300000,219306,0.00143996
152400000,219445,0.00143993
152500000,219575,0.00143984
152600000,219716,0.00143982
152700000,219877,0.00143993
152800000,220013,0.00143988
152900000,220140,0.00143976
153000000,220262,0.00143962
153100000,220396,0.00143956
153200000,220551,0.00143963
153300000,220691,0.0014396
153400000,220850,0.0014397
153500000,220994,0.0014397
153600000,221139,0.00143971
153700000,221287,0.00143973
153800000,221441,0.0014398
153900000,221579,0.00143976
154000000,221718,0.00143973
154100000,221874,0.00143981
154200000,222022,0.00143983
154300000,222159,0.00143979
154400000,222304,0.00143979
154500000,222446,0.00143978
154600000,222580,0.00143972
154700000,222715,0.00143966
154800000,222864,0.00143969
154900000,223012,0.00143972
155000000,223160,0.00143974
155100000,223303,0.00143974
155200000,223452,0.00143977
155300000,223598,0.00143978
155400000,223731,0.00143971
155500000,223879,0.00143974
155600000,224022,0.00143973
155700000,224160,0.00143969
155800000,224308,0.00143972
155900000,224445,0.00143967
156000000,224577,0.0014396
156100000,224716,0.00143956
156200000,224873,0.00143965
156300000,225010,0.0014396
156400000,225140,0.00143951
156500000,225282,0.0014395
156600000,225432,0.00143954
156700000,225572,0.00143952
156800000,225700,0.00143941
156900000,225848,0.00143944
157000000,225971,0.00143931
157100000,226128,0.00143939
157200000,226261,0.00143932
157300000,226411,0.00143936
157400000,226558,0.00143938
157500000,226703,0.00143938
157600000,226828,0.00143926
157700000,226998,0.00143943
157800000,227148,0.00143947
157900000,227292,0.00143947
158000000,227442,0.00143951
158100000,227584,0.00143949
158200000,227745,0.0014396
158300000,227907,0.00143972
158400000,228058,0.00143976
158500000,228191,0.00143969
158600000,228320,0.0014396
158700000,228457,0.00143955
158800000,228595,0.00143952
158900000,228756,0.00143962
159000000,228879,0.00143949
159100000,229038,0.00143959
159200000,229204,0.00143972
159300000,229346,0.00143971
159400000,229489,0.00143971
159500000,229676,0.00143997
159600000,229797,0.00143983
159700000,229942,0.00143984
159800000,230077,0.00143978
159900000,230218,0.00143976
160000000,230376,0.00143985
160100000,230512,0.0014398
160200000,230656,0.0014398
160300000,230804,0.00143983
160400000,230977,0.00144001
160500000,231130,0.00144006
160600000,231265,0.00144001
160700000,231427,0.00144012
160800000,231573,0.00144013
160900000,231708,0.00144007
161000000,231874,0.00144021
161100000,232027,0.00144027
161200000,232186,0.00144036
161300000,232339,0.00144042
161400000,232481,0.0014404
161500000,232622,0.00144038
161600000,232764,0.00144037
161700000,232906,0.00144036
161800000,233078,0.00144053
161900000,233223,0.00144054
162000000,233366,0.00144053
162100000,233501,0.00144047
162200000,233634,0.00144041
162300000,233761,0.0014403
162400000,233914,0.00144036
162500000,234064,0.00144039
162600000,234228,0.00144052
162700000,234366,0.00144048
162800000,234512,0.00144049
162900000,234675,0.00144061
163000000,234809,0.00144055
163100000,234945,0.0014405
163200000,235103,0.00144058
163300000,235247,0.00144058
163400000,235392,0.00144059
163500000,235536,0.00144059
163600000,235700,0.00144071
163700000,235840,0.00144068
163800000,235991,0.00144073
163900000,236165,0.00144091
164000000,236308,0.0014409
164100000,236467,0.00144099
164200000,236631,0.00144111
164300000,236776,0.00144112
164400000,236918,0.00144111
164500000,237066,0.00144113
164600000,237204,0.00144109
164700000,237338,0.00144103
164800000,237489,0.00144107
164900000,237621,0.001441
165000000,237756,0.00144095
165100000,237924,0.00144109
165200000,238058,0.00144103
165300000,238201,0.00144102
165400000,238331,0.00144094
165500000,238463,0.00144086
165600000,238634,0.00144103
165700000,238756,0.00144089
165800000,238907,0.00144093
165900000,239041,0.00144087
166000000,239183,0.00144086
166100000,239336,0.00144092
166200000,239485,0.00144094
166300000,239616,0.00144087
166400000,239762,0.00144088
166500000,239908,0.00144089
166600000,240070,0.001441
166700000,240214,0.001441
166800000,240343,0.00144091
166900000,240488,0.00144091
167000000,240626,0.00144087
167100000,240767,0.00144086
167200000,240923,0.00144093
167300000,241076,0.00144098
167400000,241222,0.00144099
167500000,241364,0.00144098
167600000,241513,0.00144101
167700000,241677,0.00144113
167800000,241824,0.00144114
167900000,241951,0.00144104
168000000,242107,0.00144111
168100000,242243,0.00144106
168200000,242380,0.00144102
168300000,242532,0.00144107
168400000,242694,0.00144118
168500000,242827,0.00144111
168600000,242970,0.0014411
168700000,243135,0.00144123
168800000,243279,0.00144123
168900000,243413,0.00144117
169000000,243579,0.0014413
169100000,243709,0.00144121
169200000,243840,0.00144113
169300000,243985,0.00144114
169400000,244130,0.00144115
169500000,244243,0.00144096
169600000,244378,0.00144091
169700000,244497,0.00144076
169800000,244625,0.00144067
169900000,244758,0.0014406
170000000,244922,0.00144072
170100000,245057,0.00144066
170200000,245225,0.0014408
170300000,245359,0.00144075
170400000,245508,0.00144077
170500000,245665,0.00144085
170600000,245796,0.00144077
170700000,245946,0.00144081
170800000,246089,0.0014408
170900000,246219,0.00144072
171000000,246357,0.00144068
171100000,246508,0.00144072
171200000,246641,0.00144066
171300000,246793,0.00144071
171400000,246922,0.00144062
171500000,247084,0.00144072
171600000,247223,0.00144069
171700000,247359,0.00144065
171800000,247486,0.00144055
171900000,247618,0.00144048
172000000,247784,0.0014406
172100000,247932,0.00144063
172200000,248074,0.00144062
172300000,248231,0.00144069
172400000,248376,0.0014407
172500000,248516,0.00144067
172600000,248646,0.00144059
172700000,248770,0.00144047
172800000,248920,0.00144051
172900000,249063,0.0014405
173000000,249210,0.00144052
173100000,249363,0.00144057
173200000,249499,0.00144053
173300000,249644,0.00144053
173400000,249795,0.00144057
173500000,249928,0.00144051
173600000,250075,0.00144052
173700000,250236,0.00144062
173800000,250371,0.00144057
173900000,250511,0.00144055
174000000,250665,0.0014406
174100000,250797,0.00144053
174200000,250950,0.00144059
174300000,251089,0.00144056
174400000,251239,0.00144059
174500000,251379,0.00144057
174600000,251530,0.00144061
174700000,251684,0.00144066
174800000,251827,0.00144066
174900000,251969,0.00144065
175000000,252116,0.00144066
175100000,252263,0.00144068
175200000,252418,0.00144074
175300000,252564,0.00144075
175400000,252703,0.00144072
175500000,252844,0.00144071
175600000,253014,0.00144085
175700000,253152,0.00144082
175800000,253284,0.00144075
175900000,253430,0.00144076
176000000,253589,0.00144085
176100000,253720,0.00144077
176200000,253870,0.00144081
176300000,254018,0.00144083
176400000,254164,0.00144084
176500000,254323,0.00144092
176600000,254484,0.00144102
176700000,254611,0.00144092
176800000,254763,0.00144097
176900000,254884,0.00144084
177000000,255017,0.00144077
177100000,255165,0.0014408
177200000,255299,0.00144074
177300000,255448,0.00144077
177400000,255596,0.00144079
177500000,255733,0.00144075
177600000,255863,0.00144067
177700000,255985,0.00144055
177800000,256121,0.0014405
177900000,256277,0.00144057
178000000,256404,0.00144047
178100000,256564,0.00144056
178200000,256705,0.00144054
178300000,256845,0.00144052
178400000,257000,0.00144058
178500000,257138,0.00144055
178600000,257306,0.00144068
178700000,257458,0.00144073
178800000,257611,0.00144078
178900000,257734,0.00144066
179000000,257883,0.00144069
179100000,258014,0.00144061
179200000,258162,0.00144064
179300000,258319,0.00144071
179400000,258462,0.0014407
179500000,258583,0.00144057
179600000,258723,0.00144055
179700000,258859,0.00144051
179800000,259011,0.00144055
179900000,259150,0.00144052
180000000,259307,0.00144059
180100000,259473,0.00144072
180200000,259625,0.00144076
180300000,259774,0.00144079
180400000,259924,0.00144082
180500000,260073,0.00144085
180600000,260217,0.00144085
180700000,260358,0.00144083
180800000,260502,0.00144083
180900000,260648,0.00144084
181000000,260792,0.00144084
181100000,260930,0.00144081
181200000,261083,0.00144086
181300000,261212,0.00144077
181400000,261363,0.00144081
181500000,261496,0.00144075
181600000,261643,0.00144077
181700000,261786,0.00144076
181800000,261941,0.00144082
181900000,262082,0.0014408
182000000,262211,0.00144072
182100000,262373,0.00144082
182200000,262539,0.00144094
182300000,262680,0.00144092
182400000,262835,0.00144098
182500000,262978,0.00144098
182600000,263137,0.00144106
182700000,263281,0.00144106
182800000,263414,0.001441
182900000,263568,0.00144105
183000000,263703,0.001441
183100000,263842,0.00144097
183200000,263977,0.00144092
183300000,264136,0.001441
183400000,264288,0.00144105
183500000,264426,0.00144101
183600000,264580,0.00144107
183700000,264725,0.00144107
183800000,264861,0.00144103
183900000,265009,0.00144105
184000000,265160,0.00144109
184100000,265301,0.00144107
184200000,265454,0.00144112
184300000,265610,0.00144118
184400000,265755,0.00144119
184500000,265905,0.00144122
184600000,266042,0.00144118
184700000,266192,0.00144121
184800000,266342,0.00144124
184900000,266478,0.0014412
185000000,266644,0.00144132
185100000,266787,0.00144131
185200000,266932,0.00144132
185300000,267074,0.00144131
185400000,267207,0.00144125
185500000,267332,0.00144114
185600000,267463,0.00144107
185700000,267589,0.00144097
185800000,267728,0.00144095
185900000,267870,0.00144094
186000000,268013,0.00144093
186100000,268149,0.00144089
186200000,268284,0.00144084
186300000,268440,0.0014409
186400000,268579,0.00144087
186500000,268730,0.00144091
186600000,268880,0.00144094
186700000,269047,0.00144107
186800000,269198,0.0014411
186900000,269344,0.00144111
187000000,269505,0.0014412
187100000,269653,0.00144122
187200000,269786,0.00144116
187300000,269944,0.00144124
187400000,270096,0.00144128
187500000,270249,0.00144133
187600000,270377,0.00144124
187700000,270538,0.00144133
187800000,270686,0.00144135
187900000,270834,0.00144137
188000000,270975,0.00144136
188100000,271130,0.00144141
188200000,271281,0.00144145
188300000,271423,0.00144144
188400000,271573,0.00144147
188500000,271704,0.0014414
188600000,271828,0.00144129
188700000,271977,0.00144132
188800000,272121,0.00144132
188900000,272274,0.00144137
189000000,272454,0.00144156
189100000,272581,0.00144146
189200000,272711,0.00144139
189300000,272852,0.00144137
189400000,273003,0.00144141
189500000,273132,0.00144133
189600000,273284,0.00144137
189700000,273415,0.0014413
189800000,273551,0.00144126
189900000,273683,0.0014412
190000000,273853,0.00144133
190100000,273999,0.00144134
190200000,274155,0.0014414
190300000,274306,0.00144144
190400000,274458,0.00144148
190500000,274599,0.00144146
190600000,274747,0.00144148
190700000,274894,0.0014415
190800000,275032,0.00144147
190900000,275164,0.0014414
191000000,275303,0.00144138
191100000,275458,0.00144143
191200000,275596,0.0014414
191300000,275737,0.00144139
191400000,275899,0.00144148
191500000,276032,0.00144142
191600000,276179,0.00144144
191700000,276318,0.00144141
191800000,276455,0.00144137
191900000,276589,0.00144132
192000000,276737,0.00144134
192100000,276884,0.00144135
192200000,277021,0.00144132
192300000,277161,0.00144129
192400000,277294,0.00144124
192500000,277426,0.00144117
192600000,277571,0.00144118
192700000,277718,0.00144119
192800000,277859,0.00144118
192900000,277997,0.00144115
193000000,278110,0.00144098
193100000,278251,0.00144097
193200000,278399,0.00144099
193300000,278539,0.00144097
193400000,278671,0.0014409
193500000,278812,0.00144089
193600000,278951,0.00144086
193700000,279095,0.00144086
193800000,279244,0.00144089
193900000,279369,0.00144079
194000000,279521,0.00144083
194100000,279679,0.0014409
194200000,279792,0.00144074
194300000,279951,0.00144082
194400000,280100,0.00144084
194500000,280258,0.00144092
194600000,280397,0.00144089
194700000,280523,0.0014408
194800000,280653,0.00144072
194900000,280789,0.00144068
195000000,280929,0.00144066
195100000,281090,0.00144075
195200000,281221,0.00144068
195300000,281345,0.00144058
195400000,281484,0.00144055
195500000,281640,0.00144061
195600000,281801,0.0014407
195700000,281944,0.00144069
195800000,282090,0.0014407
195900000,282232,0.00144069
196000000,282361,0.00144062
196100000,282504,0.00144061
196200000,282647,0.00144061
196300000,282804,0.00144067
196400000,282935,0.00144061
196500000,283081,0.00144062
196600000,283237,0.00144068
196700000,283378,0.00144066
196800000,283525,0.00144068
196900000,283662,0.00144064
197000000,283798,0.0014406
197100000,283932,0.00144055
197200000,284064,0.00144049
197300000,284197,0.00144043
197400000,284341,0.00144043
197500000,284499,0.0014405
197600000,284639,0.00144048
197700000,284791,0.00144052
197800000,284931,0.0014405
197900000,285083,0.00144054
198000000,285224,0.00144053
198100000,285350,0.00144043
198200000,285508,0.0014405
198300000,285648,0.00144048
198400000,285788,0.00144046
198500000,285947,0.00144054
198600000,286099,0.00144058
198700000,286236,0.00144054
198800000,286369,0.00144049
198900000,286503,0.00144044
199000000,286646,0.00144043
199100000,286768,0.00144032
199200000,286929,0.00144041
199300000,287069,0.00144039
199400000,287220,0.00144042
199500000,287364,0.00144042
199600000,287504,0.0014404
199700000,287630,0.00144031
199800000,287770,0.00144029
199900000,287903,0.00144024
200000000,288059,0.0014403
200100000,288218,0.00144037
200200000,288359,0.00144035
200300000,288488,0.00144028
200400000,288621,0.00144022
200500000,288766,0.00144023
200600000,288924,0.0014403
200700000,289078,0.00144035
200800000,289220,0.00144034
200900000,289385,0.00144044
201000000,289549,0.00144054
201100000,289693,0.00144054
201200000,289867,0.00144069
201300000,289995,0.00144061
201400000,290136,0.0014406
201500000,290301,0.0014407
201600000,290448,0.00144071
201700000,290586,0.00144068
201800000,290727,0.00144067
201900000,290866,0.00144064
202000000,291004,0.00144061
202100000,291125,0.0014405
202200000,291267,0.00144049
202300000,291415,0.00144051
202400000,291568,0.00144055
202500000,291702,0.0014405
202600000,291845,0.0014405
202700000,291978,0.00144044
202800000,292109,0.00144038
202900000,292257,0.0014404
203000000,292400,0.00144039
203100000,292537,0.00144036
203200000,292667,0.00144029
203300000,292821,0.00144034
203400000,292959,0.00144031
203500000,293099,0.00144029
203600000,293260,0.00144037
203700000,293404,0.00144037
203800000,293547,0.00144037
203900000,293686,0.00144034
204000000,293833,0.00144036
204100000,293991,0.00144043
204200000,294147,0.00144048
204300000,294306,0.00144056
204400000,294453,0.00144057
204500000,294596,0.00144057
204600000,294747,0.0014406
204700000,294871,0.0014405
204800000,295002,0.00144044
204900000,295151,0.00144046
205000000,295300,0.00144049
205100000,295461,0.00144057
205200000,295625,0.00144067
205300000,295778,0.00144071
205400000,295922,0.00144071
205500000,296064,0.0014407
205600000,296225,0.00144078
205700000,296354,0.00144071
205800000,296478,0.00144061
205900000,296616,0.00144058
206000000,296755,0.00144056
206100000,296893,0.00144053
206200000,297036,0.00144052
206300000,297176,0.0014405
206400000,297338,0.00144059
206500000,297467,0.00144052
206600000,297631,0.00144061
206700000,297776,0.00144062
206800000,297927,0.00144065
206900000,298072,0.00144066
207000000,298215,0.00144065
207100000,298366,0.00144069
207200000,298502,0.00144065
207300000,298629,0.00144056
207400000,298780,0.0014406
207500000,298911,0.00144053
207600000,299066,0.00144059
207700000,299230,0.00144068
207800000,299348,0.00144056
207900000,299496,0.00144058
208000000,299621,0.00144049
208100000,299756,0.00144044
208200000,299894,0.00144041
208300000,300036,0.0014404
208400000,300189,0.00144045
208500000,300337,0.00144047
208600000,300464,0.00144038
208700000,300622,0.00144045
208800000,300775,0.00144049
208900000,300929,0.00144054
209000000,301075,0.00144055
209100000,301216,0.00144054
209200000,301360,0.00144054
209300000,301489,0.00144046
209400000,301660,0.00144059
209500000,301804,0.00144059
209600000,301959,0.00144064
209700000,302101,0.00144063
209800000,302233,0.00144058
209900000,302366,0.00144052
210000000,302510,0.00144052
210100000,302646,0.00144049
210200000,302780,0.00144044
210300000,302933,0.00144048
210400000,303080,0.00144049
210500000,303231,0.00144053
210600000,303381,0.00144056
210700000,303535,0.0014406
210800000,303685,0.00144063
210900000,303825,0.00144061
211000000,303977,0.00144065
211100000,304123,0.00144066
211200000,304257,0.00144061
211300000,304420,0.0014407
211400000,304572,0.00144074
211500000,304700,0.00144066
211600000,304842,0.00144065
211700000,304984,0.00144064
211800000,305149,0.00144074
211900000,305288,0.00144072
212000000,305406,0.00144059
212100000,305549,0.00144059
212200000,305696,0.0014406
212300000,305858,0.00144069
212400000,306004,0.0014407
212500000,306135,0.00144064
212600000,306260,0.00144055
212700000,306404,0.00144055
212800000,306544,0.00144053
212900000,306697,0.00144057
213000000,306844,0.00144058
213100000,307002,0.00144065
213200000,307144,0.00144064
213300000,307283,0.00144061
213400000,307429,0.00144062
213500000,307563,0.00144058
213600000,307725,0.00144066
213700000,307852,0.00144058
213800000,307984,0.00144052
213900000,308124,0.0014405
214000000,308269,0.00144051
214100000,308427,0.00144057
214200000,308579,0.00144061
214300000,308732,0.00144065
214400000,308906,0.00144079
214500000,309055,0.00144082
214600000,309186,0.00144075
214700000,309315,0.00144068
214800000,309452,0.00144065
214900000,309593,0.00144064
215000000,309735,0.00144063
215100000,309895,0.0014407
215200000,310017,0.0014406
215300000,310179,0.00144068
215400000,310344,0.00144078
215500000,310493,0.0014408
215600000,310641,0.00144082
215700000,310755,0.00144068
215800000,310909,0.00144073
215900000,311052,0.00144072
216000000,311184,0.00144067
216100000,311341,0.00144073
216200000,311510,0.00144084
216300000,311638,0.00144077
216400000,311794,0.00144082
216500000,311921,0.00144074
216600000,312077,0.0014408
216700000,312227,0.00144083
216800000,312372,0.00144083
216900000,312512,0.00144081
217000000,312677,0.00144091
217100000,312833,0.00144096
217200000,312975,0.00144095
217300000,313111,0.00144092
217400000,313263,0.00144095
217500000,313415,0.00144099
217600000,313596,0.00144116
217700000,313754,0.00144122
217800000,313908,0.00144127
217900000,314041,0.00144122
218000000,314156,0.00144108
218100000,314299,0.00144108
218200000,314455,0.00144113
218300000,314608,0.00144117
218400000,314731,0.00144108
218500000,314874,0.00144107
218600000,315015,0.00144106
218700000,315177,0.00144114
218800000,315322,0.00144114
218900000,315459,0.00144111
219000000,315627,0.00144122
219100000,315772,0.00144122
219200000,315901,0.00144115
219300000,316037,0.00144112
219400000,316174,0.00144108
219500000,316310,0.00144105
219600000,316454,0.00144105
219700000,316609,0.0014411
219800000,316761,0.00144113
219900000,316906,0.00144114
220000000,317075,0.00144125
220100000,317225,0.00144128
220200000,317372,0.00144129
220300000,317521,0.00144131
220400000,317664,0.00144131
220500000,317796,0.00144125
220600000,317940,0.00144125
220700000,318089,0.00144127
220800000,318226,0.00144124
220900000,318389,0.00144133
221000000,318525,0.00144129
221100000,318670,0.00144129
221200000,318839,0.00144141
221300000,318981,0.0014414
221400000,319152,0.00144152
221500000,319301,0.00144154
221600000,319427,0.00144146
221700000,319555,0.00144138
221800000,319707,0.00144142
221900000,319872,0.00144151
222000000,320026,0.00144156
222100000,320182,0.00144161
222200000,320309,0.00144153
222300000,320462,0.00144157
222400000,320606,0.00144157
222500000,320757,0.0014416
222600000,320898,0.00144159
222700000,321038,0.00144157
222800000,321181,0.00144157
222900000,321340,0.00144163
223000000,321473,0.00144158
223100000,321594,0.00144148
223200000,321735,0.00144147
223300000,321888,0.0014415
223400000,322031,0.0014415
223500000,322193,0.00144158
223600000,322316,0.00144148
223700000,322452,0.00144145
223800000,322590,0.00144142
223900000,322742,0.00144146
224000000,322880,0.00144143
224100000,323005,0.00144134
224200000,323130,0.00144126
224300000,323257,0.00144118
224400000,323410,0.00144122
224500000,323536,0.00144114
224600000,323669,0.00144109
224700000,323826,0.00144115
224800000,323979,0.00144119
224900000,324132,0.00144123
225000000,324281,0.00144125
225100000,324428,0.00144126
225200000,324570,0.00144125
225300000,324723,0.00144129
225400000,324861,0.00144126
225500000,324999,0.00144124
225600000,325148,0.00144126
225700000,325307,0.00144132
225800000,325455,0.00144134
225900000,325606,0.00144137
226000000,325757,0.0014414
226100000,325895,0.00144138
226200000,326035,0.00144136
226300000,326170,0.00144132
226400000,326305,0.00144128
226500000,326434,0.00144121
226600000,326595,0.00144128
226700000,326744,0.00144131
226800000,326890,0.00144131
226900000,327030,0.0014413
227000000,327176,0.0014413
227100000,327301,0.00144122
227200000,327439,0.00144119
227300000,327581,0.00144118
227400000,327726,0.00144119
227500000,327879,0.00144123
227600000,328029,0.00144125
227700000,328168,0.00144123
227800000,328336,0.00144133
227900000,328455,0.00144122
228000000,328591,0.00144119
228100000,328732,0.00144117
228200000,328898,0.00144127
228300000,329048,0.0014413
228400000,329183,0.00144126
228500000,329337,0.0014413
228600000,329486,0.00144132
228700000,329618,0.00144127
228800000,329769,0.0014413
228900000,329920,0.00144133
229000000,330083,0.00144141
229100000,330216,0.00144136
229200000,330364,0.00144138
229300000,330508,0.00144138
229400000,330666,0.00144144
229500000,330816,0.00144146
229600000,330974,0.00144152
229700000,331113,0.0014415
229800000,331259,0.00144151
229900000,331407,0.00144153
230000000,331544,0.0014415
230100000,331665,0.0014414
230200000,331808,0.00144139
230300000,331942,0.00144135
230400000,332096,0.00144139
230500000,332245,0.00144141
230600000,332388,0.00144141
230700000,332502,0.00144127
230800000,332661,0.00144134
230900000,332795,0.00144129
231000000,332944,0.00144132
231100000,333083,0.00144129
231200000,333234,0.00144132
231300000,333370,0.00144129
231400000,333515,0.00144129
231500000,333645,0.00144123
231600000,333804,0.0014413
231700000,333943,0.00144127
231800000,334062,0.00144116
231900000,334204,0.00144116
232000000,334345,0.00144114
232100000,334487,0.00144113
232200000,334610,0.00144104
232300000,334748,0.00144102
232400000,334897,0.00144104
232500000,335034,0.00144101
232600000,335176,0.001441
232700000,335331,0.00144104
232800000,335482,0.00144107
232900000,335636,0.00144112
233000000,335771,0.00144108
233100000,335934,0.00144116
233200000,336075,0.00144114
233300000,336209,0.0014411
233400000,336350,0.00144109
233500000,336486,0.00144105
233600000,336630,0.00144105
233700000,336776,0.00144106
233800000,336911,0.00144102
233900000,337061,0.00144105
234000000,337207,0.00144106
234100000,337360,0.00144109
234200000,337510,0.00144112
234300000,337651,0.00144111
234400000,337786,0.00144107
234500000,337946,0.00144113
234600000,338085,0.00144111
234700000,338265,0.00144127
234800000,338404,0.00144124
234900000,338559,0.00144129
235000000,338688,0.00144123
235100000,338833,0.00144123
235200000,338990,0.00144128
235300000,339139,0.0014413
235400000,339285,0.00144131
235500000,339423,0.00144129
235600000,339560,0.00144126
235700000,339709,0.00144128
235800000,339836,0.0014412
235900000,339976,0.00144119
236000000,340138,0.00144126
236100000,340298,0.00144133
236200000,340464,0.00144142
236300000,340603,0.0014414
236400000,340749,0.00144141
236500000,340900,0.00144144
236600000,341073,0.00144156
236700000,341204,0.0014415
236800000,341336,0.00144145
236900000,341482,0.00144146
237000000,341636,0.0014415
237100000,341771,0.00144146
237200000,341941,0.00144157
237300000,342090,0.00144159
237400000,342238,0.00144161
237500000,342405,0.00144171
237600000,342553,0.00144172
237700000,342714,0.00144179
237800000,342860,0.0014418
237900000,343004,0.0014418
238000000,343140,0.00144176
238100000,343296,0.00144181
238200000,343454,0.00144187
238300000,343627,0.00144199
238400000,343780,0.00144203
238500000,343922,0.00144202
238600000,344063,0.00144201
238700000,344193,0.00144195
238800000,344329,0.00144191
238900000,344462,0.00144187
239000000,344631,0.00144197
239100000,344784,0.00144201
239200000,344928,0.00144201
239300000,345058,0.00144195
239400000,345196,0.00144192
239500000,345351,0.00144197
239600000,345506,0.00144201
239700000,345647,0.001442
239800000,345781,0.00144196
239900000,345919,0.00144193
240000000,346076,0.00144198
240100000,346227,0.00144201
240200000,346375,0.00144203
240300000,346520,0.00144203
240400000,346670,0.00144205
240500000,346801,0.001442
240600000,346933,0.00144195
240700000,347103,0.00144206
240800000,347237,0.00144201
240900000,347397,0.00144208
241000000,347538,0.00144207
241100000,347667,0.001442
241200000,347828,0.00144207
241300000,347964,0.00144204
241400000,348105,0.00144203
241500000,348248,0.00144202
241600000,348392,0.00144202
241700000,348526,0.00144198
241800000,348670,0.00144198
241900000,348816,0.00144198
242000000,348962,0.00144199
242100000,349104,0.00144198
242200000,349251,0.00144199
242300000,349396,0.001442
242400000,349539,0.00144199
242500000,349683,0.00144199
242600000,349826,0.00144199
242700000,349970,0.00144199
242800000,350116,0.00144199
242900000,350273,0.00144205
243000000,350412,0.00144202
243100000,350529,0.00144191
243200000,350676,0.00144192
243300000,350801,0.00144185
243400000,350917,0.00144173
243500000,351070,0.00144177
243600000,351210,0.00144175
243700000,351357,0.00144176
243800000,351509,0.00144179
243900000,351650,0.00144178
244000000,351798,0.0014418
244100000,351924,0.00144172
244200000,352079,0.00144176
244300000,352237,0.00144182
244400000,352382,0.00144182
244500000,352532,0.00144185
244600000,352681,0.00144187
244700000,352821,0.00144185
244800000,352952,0.0014418
244900000,353091,0.00144178
245000000,353236,0.00144178
245100000,353386,0.0014418
245200000,353546,0.00144187
245300000,353684,0.00144184
245400000,353815,0.00144179
245500000,353952,0.00144176
245600000,354102,0.00144178
245700000,354256,0.00144182
245800000,354415,0.00144188
245900000,354556,0.00144187
246000000,354705,0.00144189
246100000,354829,0.00144181
246200000,354975,0.00144182
246300000,355106,0.00144176
246400000,355262,0.00144181
246500000,355402,0.00144179
246600000,355536,0.00144175
246700000,355701,0.00144184
246800000,355840,0.00144182
246900000,355981,0.0014418
247000000,356131,0.00144183
247100000,356271,0.00144181
247200000,356413,0.0014418
247300000,356561,0.00144182
247400000,356721,0.00144188
247500000,356865,0.00144188
247600000,357020,0.00144192
247700000,357157,0.00144189
247800000,357290,0.00144185
247900000,357443,0.00144188
248000000,357590,0.0014419
248100000,357720,0.00144184
248200000,357856,0.00144181
248300000,357998,0.0014418
248400000,358134,0.00144176
248500000,358281,0.00144177
248600000,358393,0.00144165
248700000,358529,0.00144161
248800000,358686,0.00144166
248900000,358832,0.00144167
249000000,358968,0.00144164
249100000,359114,0.00144165
249200000,359249,0.00144161
249300000,359392,0.0014416
249400000,359531,0.00144158
249500000,359686,0.00144163
249600000,359815,0.00144157
249700000,359974,0.00144163
249800000,360116,0.00144162
249900000,360261,0.00144162
250000000,360404,0.00144162
250100000,360537,0.00144157
250200000,360682,0.00144157
250300000,360825,0.00144157
250400000,360972,0.00144158
250500000,361120,0.0014416
250600000,361293,0.00144171
250700000,361418,0.00144164
250800000,361563,0.00144164
250900000,361709,0.00144165
251000000,361848,0.00144163
251100000,361996,0.00144164
251200000,362132,0.00144161
251300000,362256,0.00144153
251400000,362408,0.00144156
251500000,362536,0.0014415
251600000,362673,0.00144147
251700000,362829,0.00144151
251800000,362966,0.00144149
251900000,363128,0.00144156
252000000,363273,0.00144156
252100000,363399,0.00144149
252200000,363533,0.00144145
252300000,363650,0.00144134
252400000,363796,0.00144135
252500000,363924,0.00144128
252600000,364063,0.00144126
252700000,364225,0.00144133
252800000,364394,0.00144143
252900000,364550,0.00144148
253000000,364680,0.00144142
253100000,364835,0.00144147
253200000,364988,0.0014415
253300000,365125,0.00144147
253400000,365277,0.0014415
253500000,365417,0.00144149
253600000,365593,0.00144161
253700000,365739,0.00144162
253800000,365893,0.00144166
253900000,366036,0.00144165
254000000,366175,0.00144163
254100000,366307,0.00144159
254200000,366466,0.00144164
254300000,366632,0.00144173
254400000,366765,0.00144169
254500000,366907,0.00144168
254600000,367055,0.00144169
254700000,367214,0.00144175
254800000,367365,0.00144178
254900000,367522,0.00144183
255000000,367653,0.00144178
255100000,367798,0.00144178
255200000,367954,0.00144183
255300000,368105,0.00144185
255400000,368241,0.00144182
255500000,368397,0.00144187
255600000,368530,0.00144182
255700000,368667,0.0014418
255800000,368820,0.00144183
255900000,368971,0.00144186
256000000,369125,0.00144189
256100000,369265,0.00144188
256200000,369404,0.00144186
256300000,369581,0.00144199
256400000,369735,0.00144202
256500000,369868,0.00144198
256600000,370008,0.00144196
256700000,370159,0.00144199
256800000,370302,0.00144199
256900000,370448,0.00144199
257000000,370596,0.00144201
257100000,370716,0.00144191
257200000,370870,0.00144195
257300000,371017,0.00144196
257400000,371157,0.00144195
257500000,371320,0.00144202
257600000,371461,0.00144201
257700000,371600,0.00144199
257800000,371725,0.00144191
257900000,371873,0.00144193
258000000,372013,0.00144191
258100000,372150,0.00144188
258200000,372298,0.0014419
258300000,372434,0.00144187
258400000,372585,0.00144189
258500000,372742,0.00144194
258600000,372907,0.00144202
258700000,373054,0.00144203
258800000,373193,0.00144201
258900000,373328,0.00144198
259000000,373490,0.00144205
259100000,373617,0.00144198
259200000,373747,0.00144193
259300000,373903,0.00144197
259400000,374032,0.00144191
259500000,374182,0.00144193
259600000,374328,0.00144194
259700000,374452,0.00144186
259800000,374587,0.00144183
259900000,374752,0.00144191
260000000,374891,0.00144189
260100000,375033,0.00144188
260200000,375159,0.00144181
260300000,375299,0.00144179
260400000,375442,0.00144179
260500000,375603,0.00144185
260600000,375732,0.0014418
260700000,375891,0.00144185
260800000,376037,0.00144186
260900000,376171,0.00144182
261000000,376311,0.0014418
261100000,376463,0.00144183
261200000,376606,0.00144183
261300000,376752,0.00144184
261400000,376891,0.00144182
261500000,377052,0.00144188
261600000,377205,0.00144192
261700000,377390,0.00144207
261800000,377527,0.00144204
261900000,377683,0.00144209
262000000,377826,0.00144208
262100000,377986,0.00144214
262200000,378137,0.00144217
262300000,378299,0.00144224
262400000,378433,0.0014422
262500000,378562,0.00144214
262600000,378712,0.00144216
262700000,378865,0.0014422
262800000,379016,0.00144222
262900000,379170,0.00144226
263000000,379312,0.00144225
263100000,379466,0.00144229
263200000,379606,0.00144227
263300000,379761,0.00144231
263400000,379889,0.00144225
263500000,380016,0.00144219
263600000,380158,0.00144218
263700000,380303,0.00144218
263800000,380445,0.00144217
263900000,380578,0.00144213
264000000,380729,0.00144216
264100000,380865,0.00144212
264200000,381003,0.0014421
264300000,381135,0.00144205
264400000,381315,0.00144219
264500000,381452,0.00144216
264600000,381585,0.00144212
264700000,381742,0.00144217
264800000,381875,0.00144213
264900000,382011,0.0014421
265000000,382162,0.00144212
265100000,382295,0.00144208
265200000,382448,0.00144211
265300000,382570,0.00144203
265400000,382713,0.00144202
265500000,382865,0.00144205
265600000,383015,0.00144207
265700000,383170,0.00144212
265800000,383316,0.00144212
265900000,383421,0.00144197
266000000,383564,0.00144197
266100000,383716,0.001442
266200000,383877,0.00144206
266300000,384012,0.00144203
266400000,384155,0.00144202
266500000,384286,0.00144197
266600000,384429,0.00144197
266700000,384566,0.00144194
266800000,384720,0.00144198
266900000,384860,0.00144196
267000000,384991,0.00144191
267100000,385125,0.00144188
267200000,385253,0.00144182
267300000,385411,0.00144187
267400000,385557,0.00144187
267500000,385679,0.00144179
267600000,385827,0.0014418
267700000,385973,0.00144181
267800000,386112,0.00144179
267900000,386276,0.00144187
268000000,386423,0.00144188
268100000,386574,0.0014419
268200000,386706,0.00144186
268300000,386842,0.00144183
268400000,386991,0.00144184
268500000,387136,0.00144185
268600000,387273,0.00144182
268700000,387433,0.00144188
268800000,387575,0.00144187
268900000,387716,0.00144186
269000000,387836,0.00144177
269100000,388000,0.00144184
269200000,388151,0.00144187
269300000,388305,0.0014419
269400000,388436,0.00144186
269500000,388591,0.0014419
269600000,388746,0.00144194
269700000,388892,0.00144194
269800000,389044,0.00144197
269900000,389188,0.00144197
270000000,389322,0.00144193
270100000,389452,0.00144188
270200000,389582,0.00144183
270300000,389749,0.00144191
270400000,389881,0.00144187
270500000,390025,0.00144187
270600000,390191,0.00144195
270700000,390330,0.00144193
270800000,390478,0.00144194
270900000,390621,0.00144194
271000000,390758,0.00144191
271100000,390904,0.00144192
271200000,391054,0.00144194
271300000,391200,0.00144195
271400000,391346,0.00144195
271500000,391478,0.00144191
271600000,391609,0.00144186
271700000,391759,0.00144188
271800000,391906,0.00144189
271900000,392051,0.00144189
272000000,392195,0.00144189
272100000,392339,0.00144189
272200000,392480,0.00144188
272300000,392620,0.00144187
272400000,392785,0.00144194
272500000,392929,0.00144194
272600000,393098,0.00144203
272700000,393244,0.00144204
272800000,393384,0.00144202
272900000,393523,0.001442
273000000,393652,0.00144195
273100000,393817,0.00144202
273200000,393966,0.00144204
273300000,394105,0.00144202
273400000,394254,0.00144204
273500000,394388,0.001442
273600000,394539,0.00144203
273700000,394667,0.00144197
273800000,394819,0.001442
273900000,394964,0.001442
274000000,395104,0.00144199
274100000,395249,0.00144199
274200000,395384,0.00144195
274300000,395530,0.00144196
274400000,395672,0.00144195
274500000,395810,0.00144193
274600000,395955,0.00144193
274700000,396098,0.00144193
274800000,396238,0.00144191
274900000,396383,0.00144192
275000000,396530,0.00144193
275100000,396672,0.00144192
275200000,396815,0.00144191
275300000,396974,0.00144197
275400000,397116,0.00144196
275500000,397249,0.00144192
275600000,397379,0.00144187
275700000,397543,0.00144194
275800000,397676,0.0014419
275900000,397840,0.00144197
276000000,397972,0.00144193
276100000,398116,0.00144193
276200000,398256,0.00144191
276300000,398391,0.00144188
276400000,398531,0.00144186
276500000,398675,0.00144186
276600000,398814,0.00144184
276700000,398951,0.00144182
276800000,399110,0.00144187
276900000,399254,0.00144187
277000000,399389,0.00144184
277100000,399523,0.0014418
277200000,399677,0.00144184
277300000,399829,0.00144186
277400000,399982,0.0014419
277500000,400135,0.00144193
277600000,400292,0.00144197
277700000,400430,0.00144195
277800000,400568,0.00144193
277900000,400718,0.00144195
278000000,400874,0.00144199
278100000,401009,0.00144196
278200000,401153,0.00144196
278300000,401292,0.00144194
278400000,401433,0.00144193
278500000,401571,0.00144191
278600000,401694,0.00144183
278700000,401851,0.00144188
278800000,401990,0.00144186
278900000,402118,0.0014418
279000000,402260,0.00144179
279100000,402414,0.00144183
279200000,402564,0.00144185
279300000,402720,0.00144189
279400000,402872,0.00144192
279500000,403017,0.00144192
279600000,403168,0.00144195
279700000,403318,0.00144197
279800000,403461,0.00144196
279900000,403587,0.0014419
280000000,403728,0.00144189
280100000,403868,0.00144187
280200000,404017,0.00144189
280300000,404171,0.00144192
280400000,404302,0.00144188
280500000,404452,0.0014419
280600000,404587,0.00144186
280700000,404735,0.00144188
280800000,404901,0.00144196
280900000,405026,0.00144189
281000000,405175,0.0014419
281100000,405329,0.00144194
281200000,405471,0.00144193
281300000,405604,0.00144189
281400000,405723,0.0014418
281500000,405856,0.00144176
281600000,405993,0.00144174
281700000,406144,0.00144176
281800000,406276,0.00144172
281900000,406412,0.00144169
282000000,406553,0.00144168
282100000,406695,0.00144167
282200000,406815,0.00144158
282300000,406945,0.00144153
282400000,407093,0.00144155
282500000,407244,0.00144157
282600000,407374,0.00144152
282700000,407523,0.00144154
282800000,407679,0.00144158
282900000,407831,0.00144161
283000000,407981,0.00144163