
10000,19,0.0019
20000,37,0.00185
30000,52,0.00173333
40000,68,0.0017
50000,77,0.00154
60000,94,0.00156667
70000,112,0.0016
80000,128,0.0016
90000,143,0.00158889
100000,161,0.00161
110000,181,0.00164545
120000,200,0.00166667
130000,214,0.00164615
140000,227,0.00162143
150000,247,0.00164667
160000,263,0.00164375
170000,276,0.00162353
180000,293,0.00162778
190000,305,0.00160526
200000,329,0.001645
210000,341,0.00162381
220000,348,0.00158182
230000,361,0.00156957
240000,377,0.00157083
250000,389,0.001556
260000,401,0.00154231
270000,415,0.00153704
280000,435,0.00155357
290000,443,0.00152759
300000,459,0.00153
310000,478,0.00154194
320000,504,0.001575
330000,518,0.0015697
340000,532,0.00156471
350000,549,0.00156857
360000,567,0.001575
370000,583,0.00157568
380000,598,0.00157368
390000,610,0.0015641
400000,621,0.0015525
410000,629,0.00153415
420000,637,0.00151667
430000,650,0.00151163
440000,666,0.00151364
450000,685,0.00152222
460000,699,0.00151957
470000,718,0.00152766
480000,728,0.00151667
490000,743,0.00151633
500000,754,0.001508
510000,765,0.0015
520000,776,0.00149231
530000,793,0.00149623
540000,810,0.0015
550000,824,0.00149818
560000,837,0.00149464
570000,847,0.00148596
580000,858,0.00147931
590000,876,0.00148475
600000,897,0.001495
610000,908,0.00148852
620000,920,0.00148387
630000,936,0.00148571
640000,948,0.00148125
650000,966,0.00148615
660000,985,0.00149242
670000,999,0.00149104
680000,1016,0.00149412
690000,1028,0.00148986
700000,1042,0.00148857
710000,1050,0.00147887
720000,1061,0.00147361
730000,1082,0.00148219
740000,1098,0.00148378
750000,1112,0.00148267
760000,1132,0.00148947
770000,1148,0.00149091
780000,1159,0.0014859
790000,1173,0.00148481
800000,1198,0.0014975
810000,1212,0.0014963
820000,1226,0.00149512
830000,1247,0.00150241
840000,1266,0.00150714
850000,1285,0.00151176
860000,1300,0.00151163
870000,1314,0.00151034
880000,1326,0.00150682
890000,1346,0.00151236
900000,1362,0.00151333
910000,1375,0.00151099
920000,1381,0.00150109
930000,1396,0.00150108
940000,1410,0.0015
950000,1420,0.00149474
960000,1433,0.00149271
970000,1445,0.00148969
980000,1454,0.00148367
990000,1473,0.00148788
1000000,1488,0.001488
1010000,1505,0.0014901
1020000,1526,0.00149608
1030000,1547,0.00150194
1040000,1567,0.00150673
1050000,1588,0.00151238
1060000,1597,0.0015066
1070000,1612,0.00150654
1080000,1626,0.00150556
1090000,1646,0.00151009
1100000,1664,0.00151273
1110000,1672,0.00150631
1120000,1689,0.00150804
1130000,1706,0.00150973
1140000,1720,0.00150877
1150000,1735,0.0015087
1160000,1752,0.00151034
1170000,1766,0.0015094
1180000,1783,0.00151102
1190000,1805,0.00151681
1200000,1819,0.00151583
1210000,1833,0.00151488
1220000,1844,0.00151148
1230000,1868,0.0015187
1240000,1883,0.00151855
1250000,1895,0.001516
1260000,1907,0.00151349
1270000,1918,0.00151024
1280000,1943,0.00151797
1290000,1958,0.00151783
1300000,1970,0.00151538
1310000,1992,0.00152061
1320000,2006,0.0015197
1330000,2017,0.00151654
1340000,2031,0.00151567
1350000,2049,0.00151778
1360000,2055,0.00151103
1370000,2066,0.00150803
1380000,2081,0.00150797
1390000,2099,0.00151007
1400000,2119,0.00151357
1410000,2135,0.00151418
1420000,2151,0.00151479
1430000,2165,0.00151399
1440000,2174,0.00150972
1450000,2185,0.0015069
1460000,2204,0.00150959
1470000,2222,0.00151156
1480000,2241,0.00151419
1490000,2256,0.00151409
1500000,2269,0.00151267
1510000,2283,0.00151192
1520000,2301,0.00151382
1530000,2309,0.00150915
1540000,2320,0.00150649
1550000,2336,0.0015071
1560000,2350,0.00150641
1570000,2361,0.00150382
1580000,2372,0.00150127
1590000,2387,0.00150126
1600000,2397,0.00149813
1610000,2412,0.00149814
1620000,2424,0.0014963
1630000,2436,0.00149448
1640000,2451,0.00149451
1650000,2462,0.00149212
1660000,2479,0.00149337
1670000,2498,0.00149581
1680000,2521,0.0015006
1690000,2533,0.00149882
1700000,2543,0.00149588
1710000,2556,0.00149474
1720000,2571,0.00149477
1730000,2589,0.00149653
1740000,2601,0.00149483
1750000,2613,0.00149314
1760000,2624,0.00149091
1770000,2631,0.00148644
1780000,2654,0.00149101
1790000,2667,0.00148994
1800000,2683,0.00149056
1810000,2692,0.00148729
1820000,2702,0.00148462
1830000,2715,0.00148361
1840000,2740,0.00148913
1850000,2757,0.00149027
1860000,2766,0.0014871
1870000,2777,0.00148503
1880000,2795,0.0014867
1890000,2810,0.00148677
1900000,2826,0.00148737
1910000,2844,0.00148901
1920000,2860,0.00148958
1930000,2867,0.00148549
1940000,2878,0.00148351
1950000,2895,0.00148462
1960000,2919,0.00148929
1970000,2929,0.0014868
1980000,2950,0.0014899
1990000,2969,0.00149196
2000000,2978,0.001489
2010000,2987,0.00148607
2020000,2999,0.00148465
2030000,3016,0.00148571
2040000,3029,0.0014848
2050000,3046,0.00148585
2060000,3058,0.00148447
2070000,3073,0.00148454
2080000,3084,0.00148269
2090000,3096,0.00148134
2100000,3107,0.00147952
2110000,3114,0.00147583
2120000,3127,0.001475
2130000,3144,0.00147606
2140000,3159,0.00147617
2150000,3168,0.00147349
2160000,3177,0.00147083
2170000,3188,0.00146912
2180000,3196,0.00146606
2190000,3211,0.00146621
2200000,3224,0.00146545
2210000,3236,0.00146425
2220000,3243,0.00146081
2230000,3256,0.00146009
2240000,3276,0.0014625
2250000,3288,0.00146133
2260000,3306,0.00146283
2270000,3327,0.00146564
2280000,3342,0.00146579
2290000,3360,0.00146725
2300000,3375,0.00146739
2310000,3390,0.00146753
2320000,3403,0.00146681
2330000,3415,0.00146567
2340000,3431,0.00146624
2350000,3446,0.00146638
2360000,3462,0.00146695
2370000,3480,0.00146835
2380000,3491,0.00146681
2390000,3506,0.00146695
2400000,3519,0.00146625
2410000,3534,0.00146639
2420000,3546,0.00146529
2430000,3559,0.00146461
2440000,3575,0.00146516
2450000,3590,0.00146531
2460000,3603,0.00146463
2470000,3619,0.00146518
2480000,3633,0.00146492
2490000,3643,0.00146305
2500000,3652,0.0014608
2510000,3663,0.00145936
2520000,3674,0.00145794
2530000,3690,0.0014585
2540000,3706,0.00145906
2550000,3721,0.00145922
2560000,3737,0.00145977
2570000,3751,0.00145953
2580000,3762,0.00145814
2590000,3768,0.00145483
2600000,3777,0.00145269
2610000,3798,0.00145517
2620000,3813,0.00145534
2630000,3828,0.00145551
2640000,3845,0.00145644
2650000,3861,0.00145698
2660000,3871,0.00145526