
100,0,0
200,0,0
300,1,0.00333333
400,1,0.0025
500,1,0.002
600,1,0.00166667
700,1,0.00142857
800,1,0.00125
900,1,0.00111111
1000,1,0.001
1100,2,0.00181818
1200,2,0.00166667
1300,2,0.00153846
1400,2,0.00142857
1500,2,0.00133333
1600,2,0.00125
1700,2,0.00117647
1800,2,0.00111111
1900,2,0.00105263
2000,2,0.001
2100,3,0.00142857
2200,3,0.00136364
2300,3,0.00130435
2400,3,0.00125
2500,3,0.0012
2600,4,0.00153846
2700,4,0.00148148
2800,4,0.00142857
2900,4,0.00137931
3000,4,0.00133333
3100,4,0.00129032
3200,4,0.00125
3300,4,0.00121212
3400,4,0.00117647
3500,4,0.00114286
3600,5,0.00138889
3700,5,0.00135135
3800,5,0.00131579
3900,5,0.00128205
4000,6,0.0015
4100,6,0.00146341
4200,6,0.00142857
4300,6,0.00139535
4400,6,0.00136364
4500,6,0.00133333
4600,6,0.00130435
4700,6,0.0012766
4800,6,0.00125
4900,6,0.00122449
5000,6,0.0012
5100,6,0.00117647
5200,6,0.00115385
5300,6,0.00113208
5400,6,0.00111111
5500,7,0.00127273
5600,7,0.00125
5700,7,0.00122807
5800,7,0.0012069
5900,8,0.00135593
6000,9,0.0015
6100,10,0.00163934
6200,10,0.0016129
6300,10,0.0015873
6400,10,0.0015625
6500,10,0.00153846
6600,10,0.00151515
6700,10,0.00149254
6800,10,0.00147059
6900,10,0.00144928
7000,10,0.00142857
7100,11,0.0015493
7200,11,0.00152778
7300,11,0.00150685
7400,11,0.00148649
7500,11,0.00146667
7600,11,0.00144737
7700,12,0.00155844
7800,13,0.00166667
7900,13,0.00164557
8000,13,0.001625
8100,13,0.00160494
8200,13,0.00158537
8300,13,0.00156627
8400,13,0.00154762
8500,13,0.00152941
8600,13,0.00151163
8700,13,0.00149425
8800,13,0.00147727
8900,13,0.00146067
9000,13,0.00144444
9100,13,0.00142857
9200,13,0.00141304
9300,13,0.00139785
9400,13,0.00138298
9500,13,0.00136842
9600,13,0.00135417
9700,13,0.00134021
9800,13,0.00132653
9900,13,0.00131313
10000,13,0.0013
10100,13,0.00128713
10200,13,0.00127451
10300,13,0.00126214
10400,13,0.00125
10500,13,0.0012381
10600,13,0.00122642
10700,14,0.00130841
10800,14,0.0012963
10900,14,0.0012844
11000,14,0.00127273
11100,14,0.00126126
11200,14,0.00125
11300,14,0.00123894
11400,14,0.00122807
11500,14,0.00121739
11600,15,0.0012931
11700,15,0.00128205
11800,15,0.00127119
11900,15,0.0012605
12000,16,0.00133333
12100,16,0.00132231
12200,16,0.00131148
12300,16,0.00130081
12400,16,0.00129032
12500,17,0.00136
12600,17,0.00134921
12700,17,0.00133858
12800,17,0.00132813
12900,18,0.00139535
13000,18,0.00138462
13100,19,0.00145038
13200,20,0.00151515
13300,20,0.00150376
13400,20,0.00149254
13500,20,0.00148148
13600,20,0.00147059
13700,20,0.00145985
13800,20,0.00144928
13900,20,0.00143885
14000,20,0.00142857
14100,20,0.00141844
14200,20,0.00140845
14300,21,0.00146853
14400,21,0.00145833
14500,21,0.00144828
14600,21,0.00143836
14700,21,0.00142857
14800,21,0.00141892
14900,21,0.0014094
15000,21,0.0014
15100,23,0.00152318
15200,24,0.00157895
15300,25,0.00163399
15400,25,0.00162338
15500,25,0.0016129
15600,25,0.00160256
15700,25,0.00159236
15800,25,0.00158228
15900,25,0.00157233
16000,25,0.0015625
16100,25,0.0015528
16200,25,0.00154321
16300,25,0.00153374
16400,25,0.00152439
16500,25,0.00151515
16600,25,0.00150602
16700,26,0.00155689
16800,26,0.00154762
16900,26,0.00153846
17000,26,0.00152941
17100,26,0.00152047
17200,27,0.00156977
17300,27,0.00156069
17400,27,0.00155172
17500,28,0.0016
17600,28,0.00159091
17700,28,0.00158192
17800,29,0.00162921
17900,29,0.00162011
18000,29,0.00161111
18100,29,0.00160221
18200,29,0.00159341
18300,29,0.0015847
18400,29,0.00157609
18500,29,0.00156757
18600,29,0.00155914
18700,29,0.0015508
18800,29,0.00154255
18900,29,0.00153439
19000,29,0.00152632
19100,29,0.00151832
19200,30,0.0015625
19300,30,0.0015544
19400,31,0.00159794
19500,31,0.00158974
19600,31,0.00158163
19700,31,0.0015736
19800,31,0.00156566
19900,31,0.00155779
20000,32,0.0016
20100,32,0.00159204
20200,32,0.00158416
20300,32,0.00157635
20400,32,0.00156863
20500,32,0.00156098
20600,33,0.00160194
20700,33,0.0015942
20800,33,0.00158654
20900,33,0.00157895
21000,34,0.00161905
21100,34,0.00161137
21200,35,0.00165094
21300,35,0.00164319
21400,35,0.00163551
21500,35,0.00162791
21600,35,0.00162037
21700,36,0.00165899
21800,36,0.00165138
21900,36,0.00164384
22000,36,0.00163636
22100,36,0.00162896
22200,36,0.00162162
22300,36,0.00161435
22400,36,0.00160714
22500,36,0.0016
22600,36,0.00159292
22700,37,0.00162996
22800,37,0.00162281
22900,37,0.00161572
23000,37,0.0016087
23100,37,0.00160173
23200,37,0.00159483
23300,38,0.0016309
23400,38,0.00162393
23500,38,0.00161702
23600,38,0.00161017
23700,38,0.00160338
23800,38,0.00159664
23900,38,0.00158996
24000,38,0.00158333
24100,38,0.00157676
24200,38,0.00157025
24300,38,0.00156379
24400,38,0.00155738
24500,38,0.00155102
24600,38,0.00154472
24700,38,0.00153846
24800,38,0.00153226
24900,38,0.0015261
25000,38,0.00152
25100,38,0.00151394
25200,38,0.00150794
25300,38,0.00150198
25400,38,0.00149606
25500,38,0.0014902
25600,38,0.00148437
25700,38,0.0014786
25800,38,0.00147287
25900,38,0.00146718
26000,38,0.00146154
26100,38,0.00145594
26200,39,0.00148855
26300,40,0.00152091
26400,40,0.00151515
26500,40,0.00150943
26600,40,0.00150376
26700,40,0.00149813
26800,40,0.00149254
26900,40,0.00148699
27000,41,0.00151852
27100,41,0.00151292
27200,41,0.00150735
27300,41,0.00150183
27400,42,0.00153285
27500,43,0.00156364
27600,43,0.00155797
27700,43,0.00155235
27800,43,0.00154676
27900,43,0.00154122
28000,44,0.00157143
28100,45,0.00160142
28200,45,0.00159574
28300,45,0.00159011
28400,45,0.00158451
28500,45,0.00157895
28600,45,0.00157343
28700,46,0.00160279
28800,46,0.00159722
28900,46,0.0015917
29000,46,0.00158621
29100,46,0.00158076
29200,46,0.00157534
29300,47,0.0016041
29400,47,0.00159864
29500,47,0.00159322
29600,48,0.00162162
29700,48,0.00161616
29800,48,0.00161074
29900,48,0.00160535
30000,48,0.0016
30100,48,0.00159468
30200,48,0.0015894
30300,48,0.00158416
30400,48,0.00157895
30500,48,0.00157377
30600,49,0.00160131
30700,49,0.00159609
30800,49,0.00159091
30900,49,0.00158576
31000,49,0.00158065
31100,49,0.00157556
31200,49,0.00157051
31300,49,0.0015655
31400,49,0.00156051
31500,50,0.0015873
31600,50,0.00158228
31700,50,0.00157729
31800,50,0.00157233
31900,50,0.0015674
32000,50,0.0015625
32100,51,0.00158879
32200,51,0.00158385
32300,51,0.00157895
32400,51,0.00157407
32500,52,0.0016
32600,52,0.00159509
32700,53,0.0016208
32800,54,0.00164634
32900,55,0.00167173
33000,55,0.00166667
33100,55,0.00166163
33200,56,0.00168675
33300,56,0.00168168
33400,56,0.00167665
33500,56,0.00167164
33600,56,0.00166667
33700,56,0.00166172
33800,56,0.0016568
33900,56,0.00165192
34000,56,0.00164706
34100,56,0.00164223
34200,57,0.00166667
34300,57,0.00166181
34400,57,0.00165698
34500,58,0.00168116
34600,58,0.0016763
34700,58,0.00167147
34800,58,0.00166667
34900,58,0.00166189
35000,58,0.00165714
35100,58,0.00165242
35200,58,0.00164773
35300,58,0.00164306
35400,58,0.00163842
35500,60,0.00169014
35600,60,0.00168539
35700,61,0.00170868
35800,61,0.00170391
35900,61,0.00169916
36000,61,0.00169444
36100,61,0.00168975
36200,61,0.00168508
36300,61,0.00168044
36400,61,0.00167582
36500,61,0.00167123
36600,61,0.00166667
36700,61,0.00166213
36800,61,0.00165761
36900,61,0.00165312
37000,61,0.00164865
37100,61,0.0016442
37200,61,0.00163978
37300,61,0.00163539
37400,61,0.00163102
37500,61,0.00162667
37600,61,0.00162234
37700,61,0.00161804
37800,61,0.00161376
37900,62,0.00163588
38000,62,0.00163158
38100,62,0.0016273
38200,62,0.00162304
38300,62,0.0016188
38400,62,0.00161458
38500,62,0.00161039
38600,62,0.00160622
38700,62,0.00160207
38800,62,0.00159794
38900,62,0.00159383
39000,62,0.00158974
39100,62,0.00158568
39200,62,0.00158163
39300,62,0.00157761
39400,62,0.0015736
39500,62,0.00156962
39600,62,0.00156566
39700,62,0.00156171
39800,62,0.00155779
39900,63,0.00157895
40000,63,0.001575
40100,63,0.00157107
40200,64,0.00159204
40300,64,0.00158809
40400,64,0.00158416
40500,64,0.00158025
40600,64,0.00157635
40700,64,0.00157248
40800,64,0.00156863
40900,64,0.00156479
41000,64,0.00156098
41100,64,0.00155718
41200,64,0.0015534
41300,64,0.00154964
41400,64,0.00154589
41500,64,0.00154217
41600,64,0.00153846
41700,64,0.00153477
41800,64,0.0015311
41900,64,0.00152745
42000,64,0.00152381
42100,64,0.00152019
42200,65,0.00154028
42300,66,0.00156028
42400,66,0.0015566
42500,66,0.00155294
42600,66,0.0015493
42700,67,0.00156909
42800,68,0.00158879
42900,69,0.00160839
43000,69,0.00160465
43100,69,0.00160093
43200,69,0.00159722
43300,69,0.00159353
43400,69,0.00158986
43500,69,0.00158621
43600,69,0.00158257
43700,69,0.00157895
43800,69,0.00157534
43900,69,0.00157175
44000,69,0.00156818
44100,69,0.00156463
44200,69,0.00156109
44300,69,0.00155756
44400,70,0.00157658
44500,70,0.00157303
44600,71,0.00159193
44700,71,0.00158837
44800,72,0.00160714
44900,72,0.00160356
45000,73,0.00162222
45100,73,0.00161863
45200,73,0.00161504
45300,74,0.00163355
45400,74,0.00162996
45500,74,0.00162637
45600,74,0.00162281
45700,74,0.00161926
45800,75,0.00163755
45900,75,0.00163399
46000,75,0.00163043
46100,75,0.0016269
46200,75,0.00162338
46300,75,0.00161987
46400,75,0.00161638
46500,75,0.0016129
46600,75,0.00160944
46700,75,0.001606
46800,75,0.00160256
46900,75,0.00159915
47000,75,0.00159574
47100,75,0.00159236
47200,75,0.00158898
47300,75,0.00158562
47400,75,0.00158228
47500,75,0.00157895
47600,76,0.00159664
47700,77,0.00161426
47800,77,0.00161088
47900,77,0.00160752
48000,77,0.00160417
48100,77,0.00160083
48200,77,0.00159751
48300,77,0.0015942
48400,77,0.00159091
48500,77,0.00158763
48600,77,0.00158436
48700,77,0.00158111
48800,77,0.00157787
48900,77,0.00157464
49000,77,0.00157143
49100,77,0.00156823
49200,77,0.00156504
49300,77,0.00156187
49400,78,0.00157895
49500,78,0.00157576
49600,78,0.00157258
49700,78,0.00156942
49800,78,0.00156627
49900,78,0.00156313
50000,78,0.00156
50100,78,0.00155689
50200,79,0.00157371
50300,79,0.00157058
50400,79,0.00156746
50500,79,0.00156436
50600,79,0.00156126
50700,80,0.00157791
50800,80,0.0015748
50900,80,0.00157171
51000,80,0.00156863
51100,80,0.00156556
51200,80,0.0015625
51300,81,0.00157895
51400,81,0.00157588
51500,81,0.00157282
51600,81,0.00156977
51700,81,0.00156673
51800,81,0.00156371
51900,81,0.00156069
52000,81,0.00155769
52100,82,0.0015739
52200,83,0.00159004
52300,83,0.001587
52400,83,0.00158397
52500,83,0.00158095
52600,83,0.00157795
52700,84,0.00159393
52800,85,0.00160985
52900,85,0.00160681
53000,85,0.00160377
53100,85,0.00160075
53200,85,0.00159774
53300,86,0.00161351
53400,86,0.00161049
53500,87,0.00162617
53600,88,0.00164179
53700,88,0.00163873
53800,88,0.00163569
53900,89,0.00165121
54000,89,0.00164815
54100,89,0.0016451
54200,89,0.00164207
54300,89,0.00163904
54400,89,0.00163603
54500,89,0.00163303
54600,89,0.00163004
54700,90,0.00164534
54800,90,0.00164234
54900,90,0.00163934
55000,90,0.00163636
55100,90,0.00163339
55200,90,0.00163043
55300,91,0.00164557
55400,91,0.0016426
55500,91,0.00163964
55600,91,0.00163669
55700,91,0.00163375
55800,92,0.00164875
55900,92,0.0016458
56000,92,0.00164286
56100,92,0.00163993
56200,92,0.00163701
56300,92,0.0016341
56400,93,0.00164894
56500,93,0.00164602
56600,93,0.00164311
56700,93,0.00164021
56800,93,0.00163732
56900,93,0.00163445
57000,93,0.00163158
57100,93,0.00162872
57200,93,0.00162587
57300,94,0.00164049
57400,94,0.00163763
57500,94,0.00163478
57600,94,0.00163194
57700,95,0.00164645
57800,95,0.0016436
57900,95,0.00164076
58000,95,0.00163793
58100,95,0.00163511
58200,95,0.0016323
58300,95,0.0016295
58400,95,0.00162671
58500,95,0.00162393
58600,95,0.00162116
58700,96,0.00163543
58800,96,0.00163265
58900,97,0.00164686
59000,97,0.00164407
59100,97,0.00164129
59200,98,0.00165541
59300,98,0.00165261
59400,98,0.00164983
59500,98,0.00164706
59600,99,0.00166107
59700,99,0.00165829
59800,99,0.00165552
59900,99,0.00165275
60000,99,0.00165
60100,99,0.00164725
60200,99,0.00164452
60300,99,0.00164179
60400,100,0.00165563
60500,100,0.00165289
60600,100,0.00165017
60700,100,0.00164745
60800,100,0.00164474
60900,100,0.00164204
61000,101,0.00165574
61100,101,0.00165303
61200,101,0.00165033
61300,101,0.00164763
61400,101,0.00164495
61500,101,0.00164228
61600,101,0.00163961
61700,101,0.00163695
61800,101,0.0016343
61900,101,0.00163166
62000,101,0.00162903
62100,102,0.00164251
62200,103,0.00165595
62300,103,0.00165329
62400,103,0.00165064
62500,103,0.001648
62600,103,0.00164537
62700,103,0.00164274
62800,103,0.00164013
62900,103,0.00163752
63000,103,0.00163492
63100,103,0.00163233
63200,103,0.00162975
63300,103,0.00162717
63400,104,0.00164038
63500,104,0.0016378
63600,104,0.00163522
63700,104,0.00163265
63800,104,0.00163009
63900,104,0.00162754
64000,104,0.001625
64100,104,0.00162246
64200,104,0.00161994
64300,104,0.00161742
64400,104,0.00161491
64500,104,0.0016124
64600,104,0.00160991
64700,104,0.00160742
64800,104,0.00160494
64900,104,0.00160247
65000,104,0.0016
65100,104,0.00159754
65200,104,0.00159509
65300,104,0.00159265
65400,104,0.00159021
65500,104,0.00158779
65600,104,0.00158537
65700,104,0.00158295
65800,104,0.00158055
65900,104,0.00157815
66000,105,0.00159091
66100,105,0.0015885
66200,105,0.0015861
66300,105,0.00158371
66400,105,0.00158133
66500,105,0.00157895
66600,105,0.00157658
66700,105,0.00157421
66800,105,0.00157186
66900,105,0.00156951
67000,105,0.00156716
67100,105,0.00156483
67200,105,0.0015625
67300,105,0.00156018
67400,105,0.00155786
67500,105,0.00155556
67600,105,0.00155325
67700,105,0.00155096
67800,105,0.00154867
67900,105,0.00154639
68000,106,0.00155882
68100,107,0.00157122
68200,107,0.00156891
68300,107,0.00156662
68400,107,0.00156433
68500,107,0.00156204
68600,107,0.00155977
68700,107,0.0015575
68800,108,0.00156977
68900,108,0.00156749
69000,108,0.00156522
69100,108,0.00156295
69200,109,0.00157514
69300,109,0.00157287
69400,109,0.00157061
69500,109,0.00156835
69600,110,0.00158046
69700,110,0.00157819
69800,110,0.00157593
69900,111,0.00158798
70000,111,0.00158571
70100,111,0.00158345
70200,111,0.0015812
70300,111,0.00157895
70400,111,0.0015767
70500,111,0.00157447
70600,111,0.00157224
70700,111,0.00157001
70800,111,0.0015678
70900,111,0.00156559
71000,111,0.00156338
71100,111,0.00156118
71200,111,0.00155899
71300,111,0.0015568
71400,111,0.00155462
71500,111,0.00155245
71600,112,0.00156425
71700,113,0.00157601
71800,114,0.00158774
71900,114,0.00158554
72000,114,0.00158333
72100,115,0.00159501
72200,115,0.0015928
72300,115,0.00159059
72400,115,0.0015884
72500,115,0.00158621
72600,115,0.00158402
72700,115,0.00158184
72800,115,0.00157967
72900,116,0.00159122
73000,116,0.00158904
73100,116,0.00158687
73200,116,0.0015847
73300,116,0.00158254
73400,116,0.00158038
73500,116,0.00157823
73600,116,0.00157609
73700,116,0.00157395
73800,116,0.00157182
73900,116,0.00156969
74000,116,0.00156757
74100,116,0.00156545
74200,116,0.00156334
74300,116,0.00156124
74400,116,0.00155914
74500,116,0.00155705
74600,116,0.00155496
74700,116,0.00155288
74800,116,0.0015508
74900,116,0.00154873
75000,116,0.00154667
75100,116,0.00154461
75200,117,0.00155585
75300,117,0.00155378
75400,117,0.00155172
75500,117,0.00154967
75600,117,0.00154762
75700,117,0.00154557
75800,117,0.00154354
75900,117,0.0015415
76000,117,0.00153947
76100,117,0.00153745
76200,117,0.00153543
76300,117,0.00153342
76400,118,0.0015445
76500,119,0.00155556
76600,119,0.00155352
76700,119,0.0015515
76800,119,0.00154948
76900,119,0.00154746
77000,119,0.00154545
77100,119,0.00154345
77200,119,0.00154145
77300,119,0.00153946
77400,119,0.00153747
77500,120,0.00154839
77600,120,0.00154639
77700,120,0.0015444
77800,120,0.00154242
77900,120,0.00154044
78000,120,0.00153846
78100,120,0.00153649
78200,121,0.00154731
78300,121,0.00154534
78400,121,0.00154337
78500,121,0.0015414
78600,121,0.00153944
78700,121,0.00153748
78800,121,0.00153553
78900,122,0.00154626
79000,122,0.0015443
79100,122,0.00154235
79200,122,0.0015404
79300,123,0.00155107
79400,123,0.00154912
79500,124,0.00155975
79600,124,0.00155779
79700,124,0.00155583
79800,125,0.00156642
79900,125,0.00156446
80000,125,0.0015625
80100,125,0.00156055
80200,125,0.0015586
80300,125,0.00155666
80400,125,0.00155473
80500,125,0.0015528
80600,125,0.00155087
80700,125,0.00154895
80800,125,0.00154703
80900,125,0.00154512
81000,125,0.00154321
81100,125,0.00154131
81200,125,0.00153941
81300,125,0.00153752
81400,125,0.00153563
81500,125,0.00153374
81600,125,0.00153186
81700,125,0.00152999
81800,126,0.00154034
81900,126,0.00153846
82000,126,0.00153659
82100,126,0.00153471
82200,126,0.00153285
82300,127,0.00154313
82400,128,0.0015534
82500,128,0.00155152
82600,128,0.00154964
82700,128,0.00154776
82800,129,0.00155797
82900,129,0.00155609
83000,129,0.00155422
83100,129,0.00155235
83200,129,0.00155048
83300,129,0.00154862
83400,129,0.00154676
83500,129,0.00154491
83600,129,0.00154306
83700,130,0.00155317
83800,130,0.00155131
83900,130,0.00154946
84000,130,0.00154762
84100,130,0.00154578
84200,130,0.00154394
84300,130,0.00154211
84400,130,0.00154028
84500,130,0.00153846
84600,130,0.00153664
84700,130,0.00153483
84800,130,0.00153302
84900,130,0.00153121
85000,130,0.00152941
85100,131,0.00153937
85200,131,0.00153756
85300,131,0.00153576
85400,131,0.00153396
85500,131,0.00153216
85600,132,0.00154206
85700,132,0.00154026
85800,132,0.00153846
85900,132,0.00153667
86000,132,0.00153488
86100,133,0.00154472
86200,133,0.00154292
86300,133,0.00154114
86400,133,0.00153935
86500,133,0.00153757
86600,133,0.0015358
86700,133,0.00153403
86800,133,0.00153226
86900,133,0.00153049
87000,133,0.00152874
87100,133,0.00152698
87200,133,0.00152523
87300,133,0.00152348
87400,133,0.00152174
87500,133,0.00152
87600,133,0.00151826
87700,133,0.00151653
87800,134,0.0015262
87900,134,0.00152446
88000,134,0.00152273
88100,134,0.001521
88200,134,0.00151927
88300,134,0.00151755
88400,134,0.00151584
88500,134,0.00151412
88600,134,0.00151242
88700,134,0.00151071
88800,134,0.00150901
88900,135,0.00151856
89000,135,0.00151685
89100,135,0.00151515
89200,135,0.00151345
89300,135,0.00151176
89400,135,0.00151007
89500,136,0.00151955
89600,136,0.00151786
89700,136,0.00151616
89800,137,0.00152561
89900,137,0.00152392
90000,138,0.00153333
90100,138,0.00153163
90200,138,0.00152993
90300,138,0.00152824
90400,138,0.00152655
90500,138,0.00152486
90600,138,0.00152318
90700,138,0.0015215
90800,138,0.00151982
90900,138,0.00151815
91000,139,0.00152747
91100,139,0.0015258
91200,139,0.00152412
91300,140,0.00153341
91400,140,0.00153173
91500,140,0.00153005
91600,140,0.00152838
91700,140,0.00152672
91800,140,0.00152505
91900,140,0.00152339
92000,140,0.00152174
92100,140,0.00152009
92200,141,0.00152928
92300,141,0.00152763
92400,141,0.00152597
92500,141,0.00152432
92600,141,0.00152268
92700,141,0.00152104
92800,141,0.0015194
92900,141,0.00151776
93000,141,0.00151613
93100,141,0.0015145
93200,141,0.00151288
93300,141,0.00151125
93400,141,0.00150964
93500,141,0.00150802
93600,141,0.00150641
93700,141,0.0015048
93800,141,0.0015032
93900,141,0.0015016
94000,141,0.0015
94100,141,0.00149841
94200,141,0.00149682
94300,141,0.00149523
94400,141,0.00149364
94500,141,0.00149206
94600,141,0.00149049
94700,141,0.00148891
94800,141,0.00148734
94900,141,0.00148577
95000,141,0.00148421
95100,141,0.00148265
95200,141,0.00148109
95300,141,0.00147954
95400,141,0.00147799
95500,141,0.00147644
95600,141,0.0014749
95700,142,0.0014838
95800,142,0.00148225
95900,142,0.00148071
96000,142,0.00147917
96100,142,0.00147763
96200,142,0.00147609
96300,142,0.00147456
96400,142,0.00147303
96500,142,0.0014715
96600,143,0.00148033
96700,143,0.0014788
96800,143,0.00147727
96900,143,0.00147575
97000,143,0.00147423
97100,143,0.00147271
97200,143,0.00147119
97300,143,0.00146968
97400,143,0.00146817
97500,143,0.00146667
97600,143,0.00146516
97700,143,0.00146366
97800,143,0.00146217
97900,143,0.00146067
98000,143,0.00145918
98100,143,0.0014577
98200,143,0.00145621
98300,143,0.00145473
98400,143,0.00145325
98500,143,0.00145178
98600,143,0.0014503
98700,143,0.00144883
98800,143,0.00144737
98900,143,0.0014459
99000,143,0.00144444
99100,143,0.00144299
99200,143,0.00144153
99300,144,0.00145015
99400,144,0.00144869
99500,144,0.00144724
99600,144,0.00144578
99700,144,0.00144433
99800,144,0.00144289
99900,144,0.00144144
100000,144,0.00144
100100,144,0.00143856
100200,144,0.00143713
100300,144,0.00143569
100400,144,0.00143426
100500,145,0.00144279
100600,145,0.00144135
100700,145,0.00143992
100800,146,0.00144841
100900,146,0.00144698
101000,146,0.00144554
101100,146,0.00144411
101200,146,0.00144269
101300,146,0.00144126
101400,146,0.00143984
101500,146,0.00143842
101600,146,0.00143701
101700,146,0.00143559
101800,146,0.00143418
101900,146,0.00143278
102000,146,0.00143137
102100,146,0.00142997
102200,147,0.00143836
102300,148,0.00144673
102400,148,0.00144531
102500,148,0.0014439
102600,149,0.00145224
102700,149,0.00145083
102800,149,0.00144942
102900,149,0.00144801
103000,149,0.0014466
103100,149,0.0014452
103200,149,0.0014438
103300,149,0.0014424
103400,149,0.00144101
103500,149,0.00143961
103600,149,0.00143822
103700,149,0.00143684
103800,149,0.00143545
103900,149,0.00143407
104000,149,0.00143269
104100,149,0.00143132
104200,149,0.00142994
104300,149,0.00142857
104400,149,0.0014272
104500,149,0.00142584
104600,149,0.00142447
104700,149,0.00142311
104800,149,0.00142176
104900,149,0.0014204
105000,149,0.00141905
105100,149,0.0014177
105200,150,0.00142586
105300,150,0.0014245
105400,150,0.00142315
105500,151,0.00143128
105600,151,0.00142992
105700,151,0.00142857
105800,151,0.00142722
105900,151,0.00142587
106000,151,0.00142453
106100,151,0.00142319
106200,151,0.00142185
106300,151,0.00142051
106400,151,0.00141917
106500,151,0.00141784
106600,151,0.00141651
106700,151,0.00141518
106800,151,0.00141386
106900,151,0.00141254
107000,151,0.00141121
107100,151,0.0014099
107200,151,0.00140858
107300,151,0.00140727
107400,151,0.00140596
107500,151,0.00140465
107600,151,0.00140335
107700,151,0.00140204
107800,151,0.00140074
107900,151,0.00139944
108000,152,0.00140741
108100,152,0.00140611
108200,152,0.00140481
108300,152,0.00140351
108400,152,0.00140221
108500,152,0.00140092
108600,152,0.00139963
108700,152,0.00139834
108800,152,0.00139706
108900,153,0.00140496
109000,153,0.00140367
109100,153,0.00140238
109200,153,0.0014011
109300,153,0.00139982
109400,153,0.00139854
109500,153,0.00139726
109600,154,0.00140511
109700,154,0.00140383
109800,155,0.00141166
109900,155,0.00141037
110000,155,0.00140909
110100,155,0.00140781
110200,155,0.00140653
110300,155,0.00140526
110400,155,0.00140399
110500,155,0.00140271
110600,155,0.00140145
110700,155,0.00140018
110800,155,0.00139892
110900,155,0.00139766
111000,155,0.0013964
111100,155,0.00139514
111200,155,0.00139388
111300,155,0.00139263
111400,155,0.00139138
111500,155,0.00139013
111600,155,0.00138889
111700,155,0.00138765
111800,155,0.0013864
111900,155,0.00138517
112000,156,0.00139286
112100,156,0.00139161
112200,156,0.00139037
112300,156,0.00138914
112400,156,0.0013879
112500,156,0.00138667
112600,156,0.00138544
112700,156,0.00138421
112800,156,0.00138298
112900,156,0.00138175
113000,156,0.00138053
113100,156,0.00137931
113200,156,0.00137809
113300,156,0.00137688
113400,156,0.00137566
113500,157,0.00138326
113600,157,0.00138204
113700,157,0.00138083
113800,158,0.0013884
113900,158,0.00138718
114000,158,0.00138596
114100,158,0.00138475
114200,158,0.00138354
114300,158,0.00138233
114400,158,0.00138112
114500,158,0.00137991
114600,158,0.00137871
114700,159,0.00138622
114800,159,0.00138502
114900,159,0.00138381
115000,159,0.00138261
115100,159,0.00138141
115200,159,0.00138021
115300,161,0.00139636
115400,162,0.00140381
115500,162,0.0014026
115600,162,0.00140138
115700,162,0.00140017
115800,162,0.00139896
115900,162,0.00139776
116000,163,0.00140517
116100,163,0.00140396
116200,163,0.00140275
116300,163,0.00140155
116400,164,0.00140893
116500,164,0.00140773
116600,164,0.00140652
116700,164,0.00140531
116800,165,0.00141267
116900,165,0.00141146
117000,165,0.00141026
117100,165,0.00140905
117200,165,0.00140785
117300,165,0.00140665
117400,165,0.00140545
117500,166,0.00141277
117600,166,0.00141156
117700,166,0.00141037
117800,166,0.00140917
117900,167,0.00141645
118000,167,0.00141525
118100,167,0.00141406
118200,167,0.00141286
118300,167,0.00141167
118400,168,0.00141892
118500,168,0.00141772
118600,169,0.00142496
118700,169,0.00142376
118800,169,0.00142256
118900,169,0.00142136
119000,169,0.00142017
119100,169,0.00141898
119200,169,0.00141779
119300,169,0.0014166
119400,169,0.00141541
119500,170,0.00142259
119600,171,0.00142977
119700,171,0.00142857
119800,171,0.00142738
119900,171,0.00142619
120000,171,0.001425
120100,171,0.00142381
120200,171,0.00142263
120300,171,0.00142145
120400,171,0.00142027
120500,172,0.00142739
120600,172,0.0014262
120700,173,0.00143331
120800,174,0.0014404
120900,174,0.00143921
121000,174,0.00143802
121100,174,0.00143683
121200,174,0.00143564
121300,174,0.00143446
121400,174,0.00143328
121500,174,0.0014321
121600,174,0.00143092
121700,174,0.00142975
121800,174,0.00142857
121900,174,0.0014274
122000,175,0.00143443
122100,176,0.00144144
122200,176,0.00144026
122300,176,0.00143908
122400,176,0.00143791
122500,176,0.00143673
122600,176,0.00143556
122700,176,0.00143439
122800,176,0.00143322
122900,176,0.00143206
123000,176,0.00143089
123100,176,0.00142973
123200,176,0.00142857
123300,176,0.00142741
123400,176,0.00142626
123500,176,0.0014251
123600,176,0.00142395
123700,177,0.00143088
123800,177,0.00142973
123900,178,0.00143664
124000,178,0.00143548
124100,178,0.00143433
124200,178,0.00143317
124300,178,0.00143202
124400,179,0.00143891
124500,179,0.00143775
124600,179,0.0014366
124700,179,0.00143545
124800,179,0.00143429
124900,179,0.00143315
125000,179,0.001432
125100,179,0.00143086
125200,179,0.00142971
125300,179,0.00142857
125400,179,0.00142743
125500,180,0.00143426
125600,180,0.00143312
125700,180,0.00143198
125800,180,0.00143084
125900,181,0.00143765
126000,181,0.00143651
126100,181,0.00143537
126200,181,0.00143423
126300,181,0.0014331
126400,181,0.00143196
126500,181,0.00143083
126600,181,0.0014297
126700,181,0.00142857
126800,181,0.00142744
126900,181,0.00142632
127000,181,0.0014252
127100,181,0.00142408
127200,181,0.00142296
127300,181,0.00142184
127400,181,0.00142072
127500,181,0.00141961
127600,181,0.0014185
127700,181,0.00141738
127800,181,0.00141628
127900,181,0.00141517
128000,181,0.00141406
128100,181,0.00141296
128200,182,0.00141966
128300,182,0.00141855
128400,182,0.00141745
128500,182,0.00141634
128600,182,0.00141524
128700,183,0.00142191
128800,183,0.00142081
128900,183,0.00141971
129000,183,0.0014186
129100,184,0.00142525
129200,184,0.00142415
129300,184,0.00142305
129400,184,0.00142195
129500,184,0.00142085
129600,184,0.00141975
129700,184,0.00141866
129800,184,0.00141757
129900,184,0.00141647
130000,184,0.00141538
130100,184,0.0014143
130200,184,0.00141321
130300,184,0.00141213
130400,184,0.00141104
130500,184,0.00140996
130600,184,0.00140888
130700,184,0.0014078
130800,184,0.00140673
130900,184,0.00140565
131000,184,0.00140458
131100,184,0.00140351
131200,184,0.00140244
131300,184,0.00140137
131400,184,0.0014003
131500,185,0.00140684
131600,185,0.00140578
131700,185,0.00140471
131800,185,0.00140364
131900,185,0.00140258
132000,186,0.00140909
132100,187,0.00141559
132200,187,0.00141452
132300,187,0.00141345
132400,187,0.00141239
132500,188,0.00141887
132600,188,0.0014178
132700,188,0.00141673
132800,188,0.00141566
132900,188,0.0014146
133000,188,0.00141353
133100,188,0.00141247
133200,188,0.00141141
133300,189,0.00141785
133400,189,0.00141679
133500,189,0.00141573
133600,189,0.00141467
133700,189,0.00141361
133800,189,0.00141256
133900,189,0.0014115
134000,189,0.00141045
134100,189,0.0014094
134200,189,0.00140835
134300,189,0.0014073
134400,189,0.00140625
134500,189,0.0014052
134600,189,0.00140416
134700,190,0.00141054
134800,190,0.0014095
134900,190,0.00140845
135000,190,0.00140741
135100,190,0.00140637
135200,190,0.00140533
135300,190,0.00140429
135400,190,0.00140325
135500,190,0.00140221
135600,191,0.00140855
135700,191,0.00140752
135800,191,0.00140648
135900,191,0.00140545
136000,192,0.00141176
136100,192,0.00141073
136200,192,0.00140969
136300,192,0.00140866
136400,193,0.00141496
136500,193,0.00141392
136600,193,0.00141288
136700,193,0.00141185
136800,193,0.00141082
136900,193,0.00140979
137000,193,0.00140876
137100,193,0.00140773
137200,193,0.00140671
137300,193,0.00140568
137400,194,0.00141194
137500,194,0.00141091
137600,194,0.00140988
137700,194,0.00140886
137800,194,0.00140784
137900,194,0.00140682
138000,194,0.0014058
138100,194,0.00140478
138200,194,0.00140376
138300,194,0.00140275
138400,194,0.00140173
138500,194,0.00140072
138600,194,0.00139971
138700,194,0.0013987
138800,195,0.0014049
138900,196,0.00141109
139000,196,0.00141007
139100,196,0.00140906
139200,197,0.00141523
139300,197,0.00141421
139400,197,0.0014132
139500,197,0.00141219
139600,197,0.00141117
139700,197,0.00141016
139800,197,0.00140916
139900,198,0.0014153
140000,198,0.00141429
140100,198,0.00141328
140200,198,0.00141227
140300,198,0.00141126
140400,198,0.00141026
140500,198,0.00140925
140600,198,0.00140825
140700,198,0.00140725
140800,198,0.00140625
140900,198,0.00140525
141000,198,0.00140426
141100,198,0.00140326
141200,198,0.00140227
141300,198,0.00140127
141400,198,0.00140028
141500,200,0.00141343
141600,200,0.00141243
141700,200,0.00141143
141800,200,0.00141044
141900,200,0.00140944
142000,201,0.00141549
142100,201,0.0014145
142200,201,0.0014135
142300,201,0.00141251
142400,201,0.00141152
142500,201,0.00141053
142600,201,0.00140954
142700,201,0.00140855
142800,201,0.00140756
142900,201,0.00140658
143000,201,0.00140559
143100,201,0.00140461
143200,201,0.00140363
143300,201,0.00140265
143400,201,0.00140167
143500,201,0.0014007
143600,202,0.00140669
143700,202,0.00140571
143800,202,0.00140473
143900,202,0.00140375
144000,202,0.00140278
144100,202,0.0014018
144200,202,0.00140083
144300,202,0.00139986
144400,202,0.00139889
144500,202,0.00139792
144600,202,0.00139696
144700,202,0.00139599
144800,202,0.00139503
144900,202,0.00139406
145000,202,0.0013931
145100,203,0.00139904
145200,203,0.00139807
145300,203,0.00139711
145400,204,0.00140303
145500,204,0.00140206
145600,204,0.0014011
145700,204,0.00140014
145800,204,0.00139918
145900,204,0.00139822
146000,204,0.00139726
146100,204,0.0013963
146200,205,0.00140219
146300,205,0.00140123
146400,205,0.00140027
146500,205,0.00139932
146600,206,0.00140518
146700,206,0.00140423
146800,206,0.00140327
146900,206,0.00140231
147000,206,0.00140136
147100,207,0.00140721
147200,207,0.00140625
147300,208,0.00141208
147400,208,0.00141113
147500,208,0.00141017
147600,208,0.00140921
147700,209,0.00141503
147800,209,0.00141407
147900,209,0.00141312
148000,209,0.00141216
148100,209,0.00141121
148200,209,0.00141026
148300,209,0.00140931
148400,210,0.00141509
148500,210,0.00141414
148600,210,0.00141319
148700,210,0.00141224
148800,210,0.00141129
148900,210,0.00141034
149000,210,0.0014094
149100,212,0.00142186
149200,212,0.00142091
149300,212,0.00141996
149400,213,0.0014257
149500,213,0.00142475
149600,213,0.0014238
149700,214,0.00142953
149800,214,0.00142857
149900,214,0.00142762
150000,214,0.00142667
150100,214,0.00142572
150200,214,0.00142477
150300,214,0.00142382
150400,214,0.00142287
150500,214,0.00142193
150600,214,0.00142098
150700,214,0.00142004
150800,214,0.0014191
150900,214,0.00141816
151000,214,0.00141722
151100,214,0.00141628
151200,214,0.00141534
151300,214,0.00141441
151400,214,0.00141347
151500,214,0.00141254
151600,214,0.00141161
151700,214,0.00141068
151800,214,0.00140975
151900,214,0.00140882
152000,214,0.00140789
152100,214,0.00140697
152200,214,0.00140604
152300,214,0.00140512
152400,215,0.00141076
152500,215,0.00140984
152600,215,0.00140891
152700,215,0.00140799
152800,215,0.00140707
152900,215,0.00140615
153000,215,0.00140523
153100,216,0.00141084
153200,216,0.00140992
153300,216,0.001409
153400,216,0.00140808
153500,216,0.00140717
153600,216,0.00140625
153700,216,0.00140534
153800,216,0.00140442
153900,216,0.00140351
154000,216,0.0014026
154100,216,0.00140169
154200,216,0.00140078
154300,216,0.00139987
154400,217,0.00140544
154500,217,0.00140453
154600,217,0.00140362
154700,217,0.00140271
154800,217,0.00140181
154900,217,0.0014009
155000,217,0.0014
155100,218,0.00140554
155200,218,0.00140464
155300,218,0.00140373
155400,218,0.00140283
155500,218,0.00140193
155600,218,0.00140103
155700,218,0.00140013
155800,218,0.00139923
155900,218,0.00139833
156000,218,0.00139744
156100,219,0.00140295
156200,219,0.00140205
156300,221,0.00141395
156400,221,0.00141304
156500,221,0.00141214
156600,221,0.00141124
156700,221,0.00141034
156800,221,0.00140944
156900,221,0.00140854
157000,221,0.00140764
157100,221,0.00140675
157200,221,0.00140585
157300,221,0.00140496
157400,221,0.00140407
157500,221,0.00140317
157600,221,0.00140228
157700,221,0.0014014
157800,221,0.00140051
157900,221,0.00139962
158000,222,0.00140506
158100,222,0.00140417
158200,222,0.00140329
158300,222,0.0014024
158400,223,0.00140783
158500,223,0.00140694
158600,223,0.00140605
158700,223,0.00140517
158800,224,0.00141058
158900,224,0.00140969
159000,224,0.00140881
159100,224,0.00140792
159200,224,0.00140704
159300,225,0.00141243
159400,225,0.00141154
159500,225,0.00141066
159600,225,0.00140977
159700,225,0.00140889
159800,225,0.00140801
159900,225,0.00140713
160000,225,0.00140625
160100,225,0.00140537
160200,226,0.00141074
160300,226,0.00140986
160400,227,0.00141521
160500,227,0.00141433
160600,227,0.00141345
160700,227,0.00141257
160800,227,0.00141169
160900,227,0.00141081
161000,227,0.00140994
161100,227,0.00140906
161200,227,0.00140819
161300,227,0.00140732
161400,227,0.00140644
161500,228,0.00141176
161600,228,0.00141089
161700,228,0.00141002
161800,228,0.00140915
161900,228,0.00140828
162000,228,0.00140741
162100,228,0.00140654
162200,228,0.00140567
162300,229,0.00141097
162400,229,0.0014101
162500,229,0.00140923
162600,229,0.00140836
162700,229,0.0014075
162800,230,0.00141278
162900,230,0.00141191
163000,230,0.00141104
163100,231,0.00141631
163200,231,0.00141544
163300,231,0.00141457
163400,231,0.00141371
163500,231,0.00141284
163600,231,0.00141198
163700,231,0.00141112
163800,231,0.00141026
163900,231,0.0014094
164000,231,0.00140854
164100,231,0.00140768
164200,231,0.00140682
164300,232,0.00141205
164400,232,0.00141119
164500,232,0.00141033
164600,232,0.00140948
164700,232,0.00140862
164800,232,0.00140777
164900,232,0.00140691
165000,233,0.00141212
165100,234,0.00141732
165200,234,0.00141646
165300,234,0.00141561
165400,234,0.00141475
165500,235,0.00141994
165600,236,0.00142512
165700,236,0.00142426
165800,237,0.00142943
165900,237,0.00142857
166000,237,0.00142771
166100,237,0.00142685
166200,237,0.00142599
166300,237,0.00142514
166400,238,0.00143029
166500,238,0.00142943
166600,238,0.00142857
166700,238,0.00142771
166800,238,0.00142686
166900,238,0.001426
167000,238,0.00142515
167100,238,0.0014243
167200,238,0.00142344
167300,239,0.00142857
167400,239,0.00142772
167500,240,0.00143284
167600,240,0.00143198
167700,240,0.00143113
167800,240,0.00143027
167900,240,0.00142942
168000,241,0.00143452
168100,241,0.00143367
168200,241,0.00143282
168300,241,0.00143197
168400,243,0.00144299
168500,243,0.00144214
168600,243,0.00144128
168700,243,0.00144043
168800,243,0.00143957
168900,243,0.00143872
169000,243,0.00143787
169100,243,0.00143702
169200,243,0.00143617
169300,243,0.00143532
169400,243,0.00143447
169500,243,0.00143363
169600,243,0.00143278
169700,243,0.00143194
169800,243,0.0014311
169900,243,0.00143025
170000,243,0.00142941
170100,243,0.00142857
170200,244,0.00143361
170300,244,0.00143277
170400,244,0.00143192
170500,244,0.00143109
170600,244,0.00143025
170700,244,0.00142941
170800,244,0.00142857
170900,244,0.00142774
171000,245,0.00143275
171100,245,0.00143191
171200,245,0.00143107
171300,245,0.00143024
171400,245,0.0014294
171500,246,0.0014344
171600,246,0.00143357
171700,247,0.00143856
171800,247,0.00143772
171900,247,0.00143688
172000,247,0.00143605
172100,248,0.00144102
172200,248,0.00144019
172300,249,0.00144515
172400,250,0.00145012
172500,250,0.00144928
172600,250,0.00144844
172700,250,0.0014476
172800,250,0.00144676
172900,250,0.00144592
173000,250,0.00144509
173100,251,0.00145003
173200,251,0.00144919
173300,251,0.00144836
173400,251,0.00144752
173500,251,0.00144669
173600,251,0.00144585
173700,251,0.00144502
173800,252,0.00144994
173900,252,0.00144911
174000,252,0.00144828
174100,252,0.00144744
174200,252,0.00144661
174300,252,0.00144578
174400,253,0.00145069
174500,253,0.00144986
174600,253,0.00144903
174700,254,0.00145392
174800,254,0.00145309
174900,254,0.00145226
175000,254,0.00145143
175100,254,0.0014506
175200,254,0.00144977
175300,254,0.00144894
175400,255,0.00145382
175500,255,0.00145299
175600,255,0.00145216
175700,255,0.00145134
175800,255,0.00145051
175900,255,0.00144969
176000,255,0.00144886
176100,255,0.00144804
176200,255,0.00144722
176300,256,0.00145207
176400,256,0.00145125
176500,256,0.00145042
176600,256,0.0014496
176700,256,0.00144878
176800,256,0.00144796
176900,256,0.00144715
177000,256,0.00144633
177100,256,0.00144551
177200,256,0.0014447
177300,257,0.00144952
177400,257,0.0014487
177500,257,0.00144789
177600,257,0.00144707
177700,257,0.00144626
177800,257,0.00144544
177900,257,0.00144463
178000,257,0.00144382
178100,257,0.00144301
178200,257,0.0014422
178300,257,0.00144139
178400,257,0.00144058
178500,257,0.00143978
178600,257,0.00143897
178700,258,0.00144376
178800,258,0.00144295
178900,258,0.00144215
179000,258,0.00144134
179100,258,0.00144054
179200,258,0.00143973
179300,258,0.00143893
179400,258,0.00143813
179500,258,0.00143733
179600,258,0.00143653
179700,259,0.00144129
179800,259,0.00144049
179900,260,0.00144525
180000,260,0.00144444
180100,260,0.00144364
180200,260,0.00144284
180300,260,0.00144204
180400,260,0.00144124
180500,261,0.00144598
180600,262,0.00145072
180700,262,0.00144992
180800,262,0.00144911
180900,263,0.00145384
181000,263,0.00145304
181100,263,0.00145224
181200,263,0.00145143
181300,263,0.00145063
181400,263,0.00144983
181500,263,0.00144904
181600,263,0.00144824
181700,263,0.00144744
181800,263,0.00144664
181900,263,0.00144585
182000,264,0.00145055
182100,264,0.00144975
182200,265,0.00145445
182300,265,0.00145365
182400,265,0.00145285
182500,265,0.00145205
182600,265,0.00145126
182700,265,0.00145047
182800,266,0.00145514
182900,266,0.00145435
183000,266,0.00145355
183100,267,0.00145822
183200,267,0.00145742
183300,267,0.00145663
183400,267,0.00145583
183500,267,0.00145504
183600,267,0.00145425
183700,267,0.00145346
183800,268,0.00145811
183900,269,0.00146275
184000,269,0.00146196
184100,270,0.00146659
184200,271,0.00147123
184300,271,0.00147043
184400,271,0.00146963
184500,271,0.00146883
184600,271,0.00146804
184700,271,0.00146724
184800,271,0.00146645
184900,271,0.00146566
185000,271,0.00146486
185100,272,0.00146948
185200,273,0.00147408
185300,273,0.00147329
185400,273,0.00147249
185500,274,0.00147709
185600,274,0.00147629
185700,274,0.0014755
185800,274,0.0014747
185900,274,0.00147391
186000,274,0.00147312
186100,275,0.0014777
186200,275,0.00147691
186300,275,0.00147611
186400,275,0.00147532
186500,275,0.00147453
186600,275,0.00147374
186700,275,0.00147295
186800,275,0.00147216
186900,276,0.00147673
187000,276,0.00147594
187100,276,0.00147515
187200,276,0.00147436
187300,277,0.00147891
187400,277,0.00147812
187500,278,0.00148267
187600,278,0.00148188
187700,279,0.00148641
187800,279,0.00148562
187900,279,0.00148483
188000,279,0.00148404
188100,279,0.00148325
188200,279,0.00148247
188300,279,0.00148168
188400,279,0.00148089
188500,279,0.00148011
188600,279,0.00147932
188700,279,0.00147854
188800,279,0.00147775
188900,279,0.00147697
189000,279,0.00147619
189100,279,0.00147541
189200,279,0.00147463
189300,279,0.00147385
189400,279,0.00147307
189500,279,0.0014723
189600,279,0.00147152
189700,279,0.00147074
189800,280,0.00147524
189900,281,0.00147973
190000,281,0.00147895
190100,281,0.00147817
190200,281,0.00147739
190300,281,0.00147662
190400,281,0.00147584
190500,281,0.00147507
190600,281,0.00147429
190700,281,0.00147352
190800,281,0.00147275
190900,281,0.00147197
191000,281,0.0014712
191100,281,0.00147043
191200,281,0.00146967
191300,281,0.0014689
191400,281,0.00146813
191500,281,0.00146736
191600,281,0.0014666
191700,281,0.00146583
191800,281,0.00146507
191900,281,0.0014643
192000,281,0.00146354
192100,281,0.00146278
192200,281,0.00146202
192300,281,0.00146126
192400,281,0.0014605
192500,281,0.00145974
192600,281,0.00145898
192700,281,0.00145823
192800,281,0.00145747
192900,281,0.00145671
193000,281,0.00145596
193100,281,0.0014552
193200,281,0.00145445
193300,281,0.0014537
193400,282,0.00145812
193500,282,0.00145736
193600,282,0.00145661
193700,282,0.00145586
193800,282,0.00145511
193900,282,0.00145436
194000,282,0.00145361
194100,283,0.00145801
194200,283,0.00145726
194300,283,0.00145651
194400,283,0.00145576
194500,283,0.00145501
194600,283,0.00145427
194700,283,0.00145352
194800,283,0.00145277
194900,283,0.00145203
195000,283,0.00145128
195100,283,0.00145054
195200,283,0.0014498
195300,283,0.00144905
195400,283,0.00144831
195500,283,0.00144757
195600,283,0.00144683
195700,283,0.00144609
195800,283,0.00144535
195900,283,0.00144461
196000,283,0.00144388
196100,283,0.00144314
196200,283,0.00144241
196300,283,0.00144167
196400,283,0.00144094
196500,283,0.0014402
196600,283,0.00143947
196700,284,0.00144382
196800,285,0.00144817
196900,285,0.00144744
197000,285,0.0014467
197100,285,0.00144597
197200,285,0.00144523
197300,286,0.00144957
197400,286,0.00144883
197500,286,0.0014481
197600,286,0.00144737
197700,286,0.00144664
197800,286,0.0014459
197900,286,0.00144517
198000,287,0.00144949
198100,287,0.00144876
198200,287,0.00144803
198300,287,0.0014473
198400,287,0.00144657
198500,287,0.00144584
198600,287,0.00144512
198700,287,0.00144439
198800,287,0.00144366
198900,287,0.00144294
199000,288,0.00144724
199100,289,0.00145153
199200,289,0.0014508
199300,290,0.00145509
199400,290,0.00145436
199500,290,0.00145363
199600,290,0.00145291
199700,291,0.00145719
199800,291,0.00145646
199900,291,0.00145573
200000,291,0.001455
200100,291,0.00145427
200200,291,0.00145355
200300,291,0.00145282
200400,292,0.00145709
200500,292,0.00145636
200600,292,0.00145563
200700,292,0.00145491
200800,292,0.00145418
200900,292,0.00145346
201000,292,0.00145274
201100,293,0.00145699
201200,293,0.00145626
201300,293,0.00145554
201400,293,0.00145482
201500,293,0.00145409
201600,294,0.00145833
201700,294,0.00145761
201800,294,0.00145689
201900,294,0.00145617
202000,294,0.00145545
202100,294,0.00145473
202200,294,0.00145401
202300,295,0.00145823
202400,295,0.00145751
202500,295,0.00145679
202600,296,0.00146101
202700,296,0.00146029
202800,296,0.00145957
202900,296,0.00145885
203000,296,0.00145813
203100,296,0.00145741
203200,296,0.00145669
203300,296,0.00145598
203400,296,0.00145526
203500,296,0.00145455
203600,296,0.00145383
203700,296,0.00145312
203800,296,0.0014524
203900,296,0.00145169
204000,296,0.00145098
204100,296,0.00145027
204200,296,0.00144956
204300,296,0.00144885
204400,297,0.00145303
204500,297,0.00145232
204600,297,0.00145161
204700,297,0.0014509
204800,297,0.0014502
204900,298,0.00145437
205000,298,0.00145366
205100,298,0.00145295
205200,298,0.00145224
205300,298,0.00145153
205400,298,0.00145083
205500,298,0.00145012
205600,299,0.00145428
205700,299,0.00145357
205800,299,0.00145287
205900,299,0.00145216
206000,299,0.00145146
206100,299,0.00145075
206200,299,0.00145005
206300,299,0.00144935
206400,299,0.00144864
206500,299,0.00144794
206600,299,0.00144724
206700,299,0.00144654
206800,299,0.00144584
206900,300,0.00144998
207000,301,0.00145411
207100,301,0.0014534
207200,301,0.0014527
207300,301,0.001452
207400,301,0.0014513
207500,301,0.0014506
207600,301,0.0014499
207700,301,0.00144921
207800,301,0.00144851
207900,302,0.00145262
208000,303,0.00145673
208100,303,0.00145603
208200,303,0.00145533
208300,303,0.00145463
208400,303,0.00145393
208500,303,0.00145324
208600,303,0.00145254
208700,303,0.00145184
208800,303,0.00145115
208900,303,0.00145045
209000,303,0.00144976
209100,303,0.00144907
209200,303,0.00144837
209300,303,0.00144768
209400,303,0.00144699
209500,303,0.0014463
209600,303,0.00144561
209700,303,0.00144492
209800,303,0.00144423
209900,304,0.00144831
210000,304,0.00144762
210100,304,0.00144693
210200,304,0.00144624
210300,304,0.00144555
210400,304,0.00144487
210500,304,0.00144418
210600,304,0.00144349
210700,305,0.00144756
210800,306,0.00145161
210900,306,0.00145092
211000,306,0.00145024
211100,306,0.00144955
211200,306,0.00144886
211300,306,0.00144818
211400,306,0.00144749
211500,306,0.00144681
211600,306,0.00144612
211700,306,0.00144544
211800,306,0.00144476
211900,306,0.00144408
212000,306,0.0014434
212100,306,0.00144272
212200,306,0.00144204
212300,306,0.00144136
212400,306,0.00144068
212500,306,0.00144
212600,306,0.00143932
212700,306,0.00143865
212800,306,0.00143797
212900,306,0.00143729
213000,306,0.00143662
213100,306,0.00143595
213200,306,0.00143527
213300,306,0.0014346
213400,306,0.00143393
213500,306,0.00143326
213600,306,0.00143258
213700,306,0.00143191
213800,306,0.00143124
213900,307,0.00143525
214000,307,0.00143458
214100,307,0.00143391
214200,307,0.00143324
214300,307,0.00143257
214400,307,0.0014319
214500,307,0.00143124
214600,307,0.00143057
214700,307,0.0014299
214800,308,0.00143389
214900,308,0.00143322
215000,308,0.00143256
215100,308,0.00143189
215200,309,0.00143587
215300,309,0.00143521
215400,309,0.00143454
215500,309,0.00143387
215600,309,0.00143321
215700,309,0.00143255
215800,309,0.00143188
215900,310,0.00143585
216000,310,0.00143519
216100,310,0.00143452
216200,310,0.00143386
216300,310,0.00143319
216400,310,0.00143253
216500,310,0.00143187
216600,310,0.00143121
216700,310,0.00143055
216800,310,0.00142989
216900,310,0.00142923
217000,310,0.00142857
217100,310,0.00142791
217200,310,0.00142726
217300,311,0.0014312
217400,311,0.00143054
217500,312,0.00143448
217600,312,0.00143382
217700,312,0.00143316
217800,312,0.00143251
217900,312,0.00143185
218000,312,0.00143119
218100,312,0.00143054
218200,312,0.00142988
218300,312,0.00142923
218400,312,0.00142857
218500,312,0.00142792
218600,312,0.00142726
218700,312,0.00142661
218800,312,0.00142596
218900,312,0.00142531
219000,312,0.00142466
219100,312,0.00142401
219200,312,0.00142336
219300,312,0.00142271
219400,313,0.00142662
219500,313,0.00142597
219600,313,0.00142532
219700,313,0.00142467
219800,313,0.00142402
219900,313,0.00142337
220000,313,0.00142273
220100,313,0.00142208
220200,313,0.00142144
220300,313,0.00142079
220400,313,0.00142015
220500,313,0.0014195
220600,313,0.00141886
220700,313,0.00141821
220800,314,0.0014221
220900,314,0.00142146
221000,315,0.00142534
221100,315,0.00142469
221200,315,0.00142405
221300,315,0.00142341
221400,316,0.00142728
221500,316,0.00142664
221600,316,0.00142599
221700,317,0.00142986
221800,317,0.00142922
221900,317,0.00142857
222000,317,0.00142793
222100,318,0.00143179
222200,318,0.00143114
222300,318,0.0014305
222400,318,0.00142986
222500,318,0.00142921
222600,318,0.00142857
222700,318,0.00142793
222800,318,0.00142729
222900,318,0.00142665
223000,318,0.00142601
223100,318,0.00142537
223200,318,0.00142473
223300,318,0.00142409
223400,318,0.00142346
223500,318,0.00142282
223600,318,0.00142218
223700,319,0.00142602
223800,319,0.00142538
223900,320,0.00142921
224000,320,0.00142857
224100,320,0.00142793
224200,320,0.0014273
224300,320,0.00142666
224400,320,0.00142602
224500,320,0.00142539
224600,320,0.00142476
224700,321,0.00142857
224800,321,0.00142794
224900,321,0.0014273
225000,321,0.00142667
225100,321,0.00142603
225200,321,0.0014254
225300,322,0.00142921
225400,322,0.00142857
225500,322,0.00142794
225600,322,0.0014273
225700,322,0.00142667
225800,322,0.00142604
225900,322,0.00142541
226000,322,0.00142478
226100,322,0.00142415
226200,322,0.00142352
226300,322,0.00142289
226400,322,0.00142226
226500,322,0.00142163
226600,322,0.00142101
226700,322,0.00142038
226800,322,0.00141975
226900,322,0.00141913
227000,322,0.0014185
227100,322,0.00141788
227200,322,0.00141725
227300,322,0.00141663
227400,322,0.00141601
227500,323,0.00141978
227600,323,0.00141916
227700,323,0.00141853
227800,323,0.00141791
227900,323,0.00141729
228000,323,0.00141667
228100,324,0.00142043
228200,324,0.00141981
228300,324,0.00141919
228400,324,0.00141856
228500,324,0.00141794
228600,324,0.00141732
228700,324,0.0014167
228800,324,0.00141608
228900,324,0.00141547
229000,324,0.00141485
229100,324,0.00141423
229200,324,0.00141361
229300,325,0.00141736
229400,325,0.00141674
229500,325,0.00141612
229600,325,0.00141551
229700,325,0.00141489
229800,326,0.00141862
229900,328,0.00142671
230000,328,0.00142609
230100,328,0.00142547
230200,328,0.00142485
230300,328,0.00142423
230400,328,0.00142361
230500,328,0.00142299
230600,328,0.00142238
230700,328,0.00142176
230800,328,0.00142114
230900,328,0.00142053
231000,328,0.00141991
231100,329,0.00142363
231200,329,0.00142301
231300,329,0.0014224
231400,329,0.00142178
231500,330,0.00142549
231600,331,0.00142919
231700,331,0.00142857
231800,331,0.00142796
231900,331,0.00142734
232000,331,0.00142672
232100,331,0.00142611
232200,331,0.0014255
232300,331,0.00142488
232400,331,0.00142427
232500,331,0.00142366
232600,331,0.00142304
232700,331,0.00142243
232800,331,0.00142182
232900,331,0.00142121
233000,331,0.0014206
233100,331,0.00141999
233200,331,0.00141938
233300,332,0.00142306
233400,332,0.00142245
233500,332,0.00142184
233600,332,0.00142123
233700,332,0.00142062
233800,332,0.00142002
233900,332,0.00141941
234000,332,0.0014188
234100,332,0.0014182
234200,332,0.00141759
234300,333,0.00142125
234400,334,0.00142491
234500,334,0.00142431
234600,334,0.0014237
234700,334,0.00142309
234800,334,0.00142249
234900,334,0.00142188
235000,334,0.00142128
235100,335,0.00142493
235200,335,0.00142432
235300,335,0.00142371
235400,335,0.00142311
235500,336,0.00142675
235600,336,0.00142615
235700,336,0.00142554
235800,336,0.00142494
235900,336,0.00142433
236000,337,0.00142797
236100,337,0.00142736
236200,337,0.00142676
236300,337,0.00142615
236400,337,0.00142555
236500,337,0.00142495
236600,337,0.00142434
236700,337,0.00142374
236800,338,0.00142736
236900,338,0.00142676
237000,338,0.00142616
237100,338,0.00142556
237200,338,0.00142496
237300,339,0.00142857
237400,339,0.00142797
237500,339,0.00142737
237600,340,0.00143098
237700,341,0.00143458
237800,341,0.00143398
237900,341,0.00143338
238000,341,0.00143277
238100,342,0.00143637
238200,343,0.00143997
238300,344,0.00144356
238400,344,0.00144295
238500,344,0.00144235
238600,345,0.00144593
238700,345,0.00144533
238800,345,0.00144472
238900,345,0.00144412
239000,345,0.00144351
239100,345,0.00144291
239200,345,0.00144231
239300,345,0.0014417
239400,346,0.00144528
239500,346,0.00144468
239600,346,0.00144407
239700,346,0.00144347
239800,346,0.00144287
239900,346,0.00144227
240000,346,0.00144167
240100,346,0.00144107
240200,346,0.00144047
240300,346,0.00143987
240400,347,0.00144343
240500,347,0.00144283
240600,347,0.00144223
240700,347,0.00144163
240800,347,0.00144103
240900,347,0.00144043
241000,347,0.00143983
241100,347,0.00143924
241200,348,0.00144279
241300,348,0.00144219
241400,348,0.00144159
241500,348,0.00144099
241600,348,0.0014404
241700,348,0.0014398
241800,348,0.00143921
241900,348,0.00143861
242000,348,0.00143802
242100,348,0.00143742
242200,348,0.00143683
242300,348,0.00143624
242400,349,0.00143977
242500,349,0.00143918
242600,349,0.00143858
242700,349,0.00143799
242800,349,0.0014374
242900,349,0.00143681
243000,349,0.00143621
243100,349,0.00143562
243200,349,0.00143503
243300,349,0.00143444
243400,349,0.00143385
243500,349,0.00143326
243600,349,0.00143268
243700,349,0.00143209
243800,350,0.0014356
243900,350,0.00143501
244000,351,0.00143852
244100,351,0.00143794
244200,351,0.00143735
244300,351,0.00143676
244400,351,0.00143617
244500,351,0.00143558
244600,351,0.001435
244700,351,0.00143441
244800,351,0.00143382
244900,351,0.00143324
245000,351,0.00143265
245100,352,0.00143615
245200,352,0.00143556
245300,352,0.00143498
245400,352,0.00143439
245500,352,0.00143381
245600,352,0.00143322
245700,352,0.00143264
245800,352,0.00143206
245900,352,0.00143148
246000,352,0.00143089
246100,352,0.00143031
246200,352,0.00142973
246300,352,0.00142915
246400,352,0.00142857
246500,352,0.00142799
246600,352,0.00142741
246700,352,0.00142683
246800,352,0.00142626
246900,352,0.00142568
247000,352,0.0014251
247100,352,0.00142452
247200,352,0.00142395
247300,354,0.00143146
247400,354,0.00143088
247500,354,0.0014303
247600,354,0.00142973
247700,354,0.00142915
247800,354,0.00142857
247900,354,0.001428
248000,354,0.00142742
248100,354,0.00142684
248200,355,0.0014303
248300,355,0.00142972
248400,355,0.00142915
248500,356,0.0014326
248600,356,0.00143202
248700,356,0.00143144
248800,356,0.00143087
248900,356,0.00143029
249000,357,0.00143373
249100,358,0.00143717
249200,358,0.0014366
249300,358,0.00143602
249400,359,0.00143945
249500,359,0.00143888
249600,359,0.0014383
249700,359,0.00143773
249800,359,0.00143715
249900,359,0.00143657
250000,359,0.001436
250100,359,0.00143543
250200,359,0.00143485
250300,359,0.00143428
250400,359,0.00143371
250500,359,0.00143313
250600,359,0.00143256
250700,359,0.00143199
250800,359,0.00143142
250900,360,0.00143483
251000,360,0.00143426
251100,360,0.00143369
251200,360,0.00143312
251300,360,0.00143255
251400,361,0.00143596
251500,361,0.00143539
251600,361,0.00143482
251700,361,0.00143425
251800,361,0.00143368
251900,361,0.00143311
252000,361,0.00143254
252100,361,0.00143197
252200,362,0.00143537
252300,362,0.0014348
252400,362,0.00143423
252500,362,0.00143366
252600,362,0.0014331
252700,363,0.00143649
252800,363,0.00143592
252900,363,0.00143535
253000,363,0.00143478
253100,364,0.00143817
253200,364,0.0014376
253300,364,0.00143703
253400,364,0.00143646
253500,364,0.0014359
253600,364,0.00143533
253700,364,0.00143477
253800,364,0.0014342
253900,364,0.00143364
254000,364,0.00143307
254100,364,0.00143251
254200,364,0.00143194
254300,364,0.00143138
254400,364,0.00143082
254500,365,0.00143418
254600,365,0.00143362
254700,365,0.00143306
254800,365,0.0014325
254900,365,0.00143193
255000,365,0.00143137
255100,365,0.00143081
255200,365,0.00143025
255300,365,0.00142969
255400,365,0.00142913
255500,365,0.00142857
255600,365,0.00142801
255700,365,0.00142745
255800,365,0.0014269
255900,365,0.00142634
256000,366,0.00142969
256100,366,0.00142913
256200,366,0.00142857
256300,367,0.00143192
256400,367,0.00143136
256500,367,0.0014308
256600,367,0.00143024
256700,367,0.00142968
256800,367,0.00142913
256900,367,0.00142857
257000,367,0.00142802
257100,367,0.00142746
257200,367,0.00142691
257300,367,0.00142635
257400,369,0.00143357
257500,369,0.00143301
257600,369,0.00143245
257700,369,0.0014319
257800,369,0.00143134
257900,369,0.00143079
258000,369,0.00143023
258100,369,0.00142968
258200,369,0.00142912
258300,369,0.00142857
258400,369,0.00142802
258500,369,0.00142747
258600,369,0.00142691
258700,369,0.00142636
258800,369,0.00142581
258900,369,0.00142526
259000,369,0.00142471
259100,369,0.00142416
259200,369,0.00142361
259300,369,0.00142306
259400,369,0.00142251
259500,369,0.00142197
259600,369,0.00142142
259700,369,0.00142087
259800,370,0.00142417
259900,370,0.00142362
260000,371,0.00142692
260100,371,0.00142637
260200,371,0.00142583
260300,372,0.00142912
260400,372,0.00142857
260500,372,0.00142802
260600,372,0.00142748
260700,372,0.00142693
260800,372,0.00142638
260900,373,0.00142967
261000,373,0.00142912
261100,373,0.00142857
261200,373,0.00142802
261300,373,0.00142748
261400,374,0.00143076
261500,374,0.00143021
261600,374,0.00142966
261700,375,0.00143294
261800,375,0.00143239
261900,375,0.00143184
262000,375,0.0014313
262100,375,0.00143075
262200,375,0.00143021
262300,375,0.00142966
262400,376,0.00143293
262500,376,0.00143238
262600,376,0.00143184
262700,376,0.00143129
262800,376,0.00143075
262900,376,0.0014302
263000,377,0.00143346
263100,377,0.00143292
263200,377,0.00143237
263300,377,0.00143183
263400,378,0.00143508
263500,378,0.00143454
263600,378,0.00143399
263700,378,0.00143345
263800,378,0.0014329
263900,378,0.00143236
264000,378,0.00143182
264100,379,0.00143506
264200,379,0.00143452
264300,379,0.00143398
264400,379,0.00143343
264500,380,0.00143667
264600,381,0.00143991
264700,381,0.00143937
264800,381,0.00143882
264900,382,0.00144205
265000,382,0.00144151
265100,382,0.00144097
265200,382,0.00144042
265300,382,0.00143988
265400,382,0.00143934
265500,382,0.00143879
265600,382,0.00143825
265700,382,0.00143771
265800,382,0.00143717
265900,382,0.00143663
266000,382,0.00143609
266100,382,0.00143555
266200,382,0.00143501
266300,382,0.00143447
266400,382,0.00143393
266500,383,0.00143715
266600,383,0.00143661
266700,383,0.00143607
266800,383,0.00143553
266900,383,0.00143499
267000,383,0.00143446
267100,383,0.00143392
267200,383,0.00143338
267300,383,0.00143285
267400,383,0.00143231
267500,383,0.00143178
267600,383,0.00143124
267700,383,0.00143071
267800,383,0.00143017
267900,383,0.00142964
268000,383,0.0014291
268100,383,0.00142857
268200,383,0.00142804
268300,383,0.00142751
268400,383,0.00142697
268500,383,0.00142644
268600,384,0.00142964
268700,384,0.0014291
268800,384,0.00142857
268900,384,0.00142804
269000,384,0.00142751
269100,384,0.00142698
269200,384,0.00142645
269300,384,0.00142592
269400,384,0.00142539
269500,384,0.00142486
269600,384,0.00142433
269700,384,0.0014238
269800,384,0.00142328
269900,384,0.00142275
270000,384,0.00142222
270100,384,0.0014217
270200,384,0.00142117
270300,384,0.00142064
270400,384,0.00142012
270500,384,0.00141959
270600,385,0.00142276
270700,386,0.00142593
270800,386,0.00142541
270900,386,0.00142488
271000,386,0.00142435
271100,386,0.00142383
271200,386,0.0014233
271300,386,0.00142278
271400,387,0.00142594
271500,387,0.00142541
271600,388,0.00142857
271700,388,0.00142805
271800,389,0.0014312
271900,390,0.00143435
272000,390,0.00143382
272100,390,0.0014333
272200,390,0.00143277
272300,390,0.00143224
272400,390,0.00143172
272500,390,0.00143119
272600,390,0.00143067
272700,390,0.00143014
272800,390,0.00142962
272900,390,0.00142909
273000,390,0.00142857
273100,390,0.00142805
273200,390,0.00142753
273300,390,0.001427
273400,390,0.00142648
273500,391,0.00142962
273600,391,0.00142909
273700,391,0.00142857
273800,391,0.00142805
273900,391,0.00142753
274000,391,0.00142701
274100,391,0.00142649
274200,391,0.00142597
274300,391,0.00142545
274400,391,0.00142493
274500,391,0.00142441
274600,392,0.00142753
274700,392,0.00142701
274800,392,0.00142649
274900,392,0.00142597
275000,392,0.00142545
275100,393,0.00142857
275200,393,0.00142805
275300,394,0.00143117
275400,394,0.00143065
275500,394,0.00143013
275600,394,0.00142961
275700,394,0.00142909
275800,394,0.00142857
275900,394,0.00142805
276000,395,0.00143116
276100,396,0.00143426
276200,396,0.00143374
276300,396,0.00143322
276400,396,0.00143271
276500,397,0.0014358
276600,397,0.00143529
276700,397,0.00143477
276800,397,0.00143425
276900,397,0.00143373
277000,397,0.00143321
277100,397,0.0014327
277200,397,0.00143218
277300,397,0.00143166
277400,397,0.00143115
277500,397,0.00143063
277600,397,0.00143012
277700,397,0.0014296
277800,397,0.00142909
277900,397,0.00142857
278000,398,0.00143165
278100,398,0.00143114
278200,398,0.00143063
278300,398,0.00143011
278400,398,0.0014296
278500,398,0.00142908
278600,398,0.00142857
278700,398,0.00142806
278800,398,0.00142755
278900,399,0.00143062
279000,400,0.00143369
279100,400,0.00143318
279200,400,0.00143266
279300,400,0.00143215
279400,400,0.00143164
279500,400,0.00143113
279600,400,0.00143062
279700,400,0.0014301
279800,400,0.00142959
279900,400,0.00142908
280000,400,0.00142857
280100,400,0.00142806
280200,400,0.00142755
280300,400,0.00142704
280400,400,0.00142653
280500,401,0.00142959
280600,401,0.00142908
280700,401,0.00142857
280800,401,0.00142806
280900,401,0.00142755
281000,401,0.00142705
281100,401,0.00142654
281200,401,0.00142603
281300,401,0.00142552
281400,401,0.00142502
281500,401,0.00142451
281600,401,0.00142401
281700,401,0.0014235
281800,401,0.001423
281900,401,0.00142249
282000,401,0.00142199
282100,401,0.00142148
282200,401,0.00142098
282300,401,0.00142047
282400,402,0.00142351
282500,402,0.00142301
282600,402,0.00142251
282700,402,0.001422
282800,402,0.0014215
282900,402,0.001421
283000,403,0.00142403
283100,403,0.00142353
283200,403,0.00142302
283300,403,0.00142252
283400,403,0.00142202
283500,403,0.00142152
283600,403,0.00142102
283700,403,0.00142051
283800,403,0.00142001
283900,404,0.00142304
284000,404,0.00142254
284100,405,0.00142555
284200,405,0.00142505
284300,405,0.00142455
284400,405,0.00142405
284500,405,0.00142355
284600,405,0.00142305
284700,405,0.00142255
284800,406,0.00142556
284900,406,0.00142506
285000,406,0.00142456
285100,407,0.00142757
285200,407,0.00142707
285300,407,0.00142657
285400,407,0.00142607
285500,408,0.00142907
285600,408,0.00142857
285700,409,0.00143157
285800,409,0.00143107
285900,410,0.00143407
286000,410,0.00143357
286100,410,0.00143307
286200,410,0.00143256
286300,410,0.00143206
286400,410,0.00143156
286500,410,0.00143106
286600,410,0.00143057
286700,410,0.00143007
286800,410,0.00142957
286900,410,0.00142907
287000,410,0.00142857
287100,410,0.00142807
287200,410,0.00142758
287300,410,0.00142708
287400,410,0.00142658
287500,410,0.00142609
287600,410,0.00142559
287700,410,0.0014251
287800,410,0.0014246
287900,411,0.00142758
288000,412,0.00143056
288100,412,0.00143006
288200,412,0.00142956
288300,412,0.00142907
288400,412,0.00142857
288500,412,0.00142808
288600,412,0.00142758
288700,412,0.00142709
288800,412,0.00142659
288900,412,0.0014261
289000,412,0.00142561
289100,412,0.00142511
289200,412,0.00142462
289300,412,0.00142413
289400,413,0.00142709
289500,413,0.0014266
289600,413,0.0014261
289700,413,0.00142561
289800,413,0.00142512
289900,413,0.00142463
290000,413,0.00142414
290100,413,0.00142365
290200,413,0.00142316
290300,414,0.00142611
290400,414,0.00142562
290500,414,0.00142513
290600,414,0.00142464
290700,414,0.00142415
290800,414,0.00142366
290900,414,0.00142317
291000,414,0.00142268
291100,414,0.00142219
291200,414,0.0014217
291300,414,0.00142122
291400,414,0.00142073
291500,414,0.00142024
291600,414,0.00141975
291700,414,0.00141927
291800,414,0.00141878
291900,414,0.00141829
292000,414,0.00141781
292100,414,0.00141732
292200,414,0.00141684
292300,414,0.00141635
292400,414,0.00141587
292500,414,0.00141538
292600,414,0.0014149
292700,414,0.00141442
292800,414,0.00141393
292900,414,0.00141345
293000,414,0.00141297
293100,414,0.00141249
293200,414,0.00141201
293300,414,0.00141152
293400,414,0.00141104
293500,414,0.00141056
293600,414,0.00141008
293700,414,0.0014096
293800,414,0.00140912
293900,414,0.00140864
294000,414,0.00140816
294100,414,0.00140768
294200,414,0.00140721
294300,415,0.00141013
294400,415,0.00140965
294500,415,0.00140917
294600,416,0.00141208
294700,416,0.00141161
294800,417,0.00141452
294900,417,0.00141404
295000,417,0.00141356
295100,417,0.00141308
295200,417,0.0014126
295300,417,0.00141212
295400,417,0.00141165
295500,417,0.00141117
295600,417,0.00141069
295700,417,0.00141021
295800,417,0.00140974
295900,417,0.00140926
296000,417,0.00140878
296100,417,0.00140831
296200,417,0.00140783
296300,418,0.00141073
296400,418,0.00141026
296500,418,0.00140978
296600,418,0.00140931
296700,418,0.00140883
296800,419,0.00141173
296900,419,0.00141125
297000,419,0.00141077
297100,420,0.00141367
297200,420,0.00141319
297300,420,0.00141271
297400,420,0.00141224
297500,420,0.00141176
297600,420,0.00141129
297700,421,0.00141418
297800,421,0.0014137
297900,421,0.00141323
298000,421,0.00141275
298100,421,0.00141228
298200,421,0.0014118
298300,422,0.00141468
298400,422,0.00141421
298500,422,0.00141374
298600,422,0.00141326
298700,422,0.00141279
298800,422,0.00141232
298900,422,0.00141184
299000,422,0.00141137
299100,422,0.0014109
299200,422,0.00141043
299300,422,0.00140996
299400,422,0.00140949
299500,422,0.00140902
299600,422,0.00140854
299700,422,0.00140807
299800,422,0.00140761
299900,422,0.00140714
300000,422,0.00140667
300100,422,0.0014062
300200,422,0.00140573
300300,422,0.00140526
300400,422,0.00140479
300500,422,0.00140433
300600,423,0.00140719
300700,423,0.00140672
300800,423,0.00140625
300900,423,0.00140578
301000,423,0.00140532
301100,423,0.00140485
301200,423,0.00140438
301300,423,0.00140392
301400,424,0.00140677
301500,424,0.0014063
301600,424,0.00140584
301700,424,0.00140537
301800,424,0.0014049
301900,424,0.00140444
302000,424,0.00140397
302100,424,0.00140351
302200,424,0.00140304
302300,424,0.00140258
302400,424,0.00140212
302500,424,0.00140165
302600,424,0.00140119
302700,424,0.00140073
302800,424,0.00140026
302900,424,0.0013998
303000,424,0.00139934
303100,424,0.00139888
303200,424,0.00139842
303300,425,0.00140125
303400,425,0.00140079
303500,425,0.00140033
303600,425,0.00139987
303700,425,0.00139941
303800,425,0.00139895
303900,425,0.00139849
304000,425,0.00139803
304100,425,0.00139757
304200,425,0.00139711
304300,425,0.00139665
304400,425,0.00139619
304500,425,0.00139573
304600,425,0.00139527
304700,425,0.00139481
304800,425,0.00139436
304900,425,0.0013939
305000,425,0.00139344
305100,425,0.00139299
305200,425,0.00139253
305300,425,0.00139207
305400,426,0.00139489
305500,426,0.00139444
305600,426,0.00139398
305700,426,0.00139352
305800,426,0.00139307
305900,426,0.00139261
306000,426,0.00139216
306100,426,0.0013917
306200,426,0.00139125
306300,426,0.00139079
306400,427,0.0013936
306500,427,0.00139315
306600,427,0.00139269
306700,427,0.00139224
306800,427,0.00139179
306900,427,0.00139133
307000,427,0.00139088
307100,427,0.00139043
307200,427,0.00138997
307300,427,0.00138952
307400,428,0.00139232
307500,428,0.00139187
307600,429,0.00139467
307700,429,0.00139422
307800,429,0.00139376
307900,429,0.00139331
308000,429,0.00139286
308100,429,0.00139241
308200,429,0.00139195
308300,430,0.00139475
308400,430,0.00139429
308500,430,0.00139384
308600,430,0.00139339
308700,430,0.00139294
308800,430,0.00139249
308900,430,0.00139204
309000,430,0.00139159
309100,430,0.00139114
309200,430,0.00139069
309300,430,0.00139024
309400,430,0.00138979
309500,430,0.00138934
309600,430,0.00138889
309700,431,0.00139167
309800,431,0.00139122
309900,431,0.00139077
310000,431,0.00139032
310100,431,0.00138987
310200,431,0.00138943
310300,431,0.00138898
310400,431,0.00138853
310500,432,0.0013913
310600,433,0.00139408
310700,433,0.00139363
310800,433,0.00139318
310900,433,0.00139273
311000,434,0.0013955
311100,434,0.00139505
311200,434,0.0013946
311300,434,0.00139415
311400,434,0.00139371
311500,434,0.00139326
311600,434,0.00139281
311700,434,0.00139236
311800,434,0.00139192
311900,434,0.00139147
312000,434,0.00139103
312100,434,0.00139058
312200,434,0.00139013
312300,434,0.00138969
312400,434,0.00138924
312500,436,0.0013952
312600,436,0.00139475
312700,436,0.00139431
312800,437,0.00139706
312900,437,0.00139661
313000,437,0.00139617
313100,437,0.00139572
313200,438,0.00139847
313300,439,0.00140121
313400,439,0.00140077
313500,439,0.00140032
313600,439,0.00139987
313700,439,0.00139943
313800,439,0.00139898
313900,439,0.00139853
314000,439,0.00139809
314100,439,0.00139764
314200,439,0.0013972
314300,439,0.00139675
314400,439,0.00139631
314500,439,0.00139587
314600,439,0.00139542
314700,439,0.00139498
314800,439,0.00139454
314900,439,0.00139409
315000,439,0.00139365
315100,439,0.00139321
315200,439,0.00139277
315300,439,0.00139232
315400,439,0.00139188
315500,439,0.00139144
315600,439,0.001391
315700,439,0.00139056
315800,439,0.00139012
315900,439,0.00138968
316000,440,0.00139241
316100,440,0.00139196
316200,440,0.00139152
316300,441,0.00139425
316400,441,0.00139381
316500,442,0.00139652
316600,442,0.00139608
316700,442,0.00139564
316800,442,0.0013952
316900,442,0.00139476
317000,442,0.00139432
317100,442,0.00139388
317200,442,0.00139344
317300,443,0.00139616
317400,443,0.00139572
317500,443,0.00139528
317600,443,0.00139484
317700,443,0.0013944
317800,444,0.00139711
317900,444,0.00139667
318000,444,0.00139623
318100,444,0.00139579
318200,444,0.00139535
318300,444,0.00139491
318400,445,0.00139761
318500,445,0.00139717
318600,445,0.00139674
318700,445,0.0013963
318800,445,0.00139586
318900,445,0.00139542
319000,446,0.00139812
319100,446,0.00139768
319200,446,0.00139724
319300,446,0.00139681
319400,446,0.00139637
319500,446,0.00139593
319600,446,0.00139549
319700,446,0.00139506
319800,447,0.00139775
319900,449,0.00140356
320000,449,0.00140313
320100,449,0.00140269
320200,449,0.00140225
320300,449,0.00140181
320400,449,0.00140137
320500,449,0.00140094
320600,449,0.0014005
320700,449,0.00140006
320800,449,0.00139963
320900,450,0.00140231
321000,451,0.00140498
321100,451,0.00140455
321200,451,0.00140411
321300,451,0.00140367
321400,453,0.00140946
321500,453,0.00140902
321600,453,0.00140858
321700,453,0.00140814
321800,453,0.00140771
321900,453,0.00140727
322000,453,0.00140683
322100,453,0.0014064
322200,453,0.00140596
322300,454,0.00140863
322400,454,0.00140819
322500,454,0.00140775
322600,454,0.00140732
322700,454,0.00140688
322800,454,0.00140644
322900,454,0.00140601
323000,455,0.00140867
323100,455,0.00140823
323200,455,0.0014078
323300,455,0.00140736
323400,455,0.00140693
323500,455,0.00140649
323600,456,0.00140915
323700,456,0.00140871
323800,456,0.00140828
323900,456,0.00140784
324000,456,0.00140741
324100,456,0.00140697
324200,456,0.00140654
324300,457,0.00140919
324400,458,0.00141184
324500,458,0.0014114
324600,458,0.00141097
324700,458,0.00141053
324800,458,0.0014101
324900,458,0.00140966
325000,458,0.00140923
325100,458,0.0014088
325200,458,0.00140836
325300,458,0.00140793
325400,458,0.0014075
325500,458,0.00140707
325600,458,0.00140663
325700,458,0.0014062
325800,458,0.00140577
325900,458,0.00140534
326000,458,0.00140491
326100,458,0.00140448
326200,458,0.00140405
326300,458,0.00140362
326400,458,0.00140319
326500,458,0.00140276
326600,458,0.00140233
326700,458,0.0014019
326800,459,0.00140453
326900,460,0.00140716
327000,460,0.00140673
327100,460,0.0014063
327200,460,0.00140587
327300,460,0.00140544
327400,460,0.00140501
327500,460,0.00140458
327600,461,0.0014072
327700,461,0.00140677
327800,462,0.0014094
327900,463,0.00141202
328000,463,0.00141159
328100,463,0.00141116
328200,463,0.00141073
328300,463,0.0014103
328400,463,0.00140987
328500,464,0.00141248
328600,464,0.00141205
328700,464,0.00141162
328800,464,0.00141119
328900,464,0.00141076
329000,464,0.00141033
329100,464,0.00140991
329200,464,0.00140948
329300,464,0.00140905
329400,464,0.00140862
329500,464,0.00140819
329600,464,0.00140777
329700,464,0.00140734
329800,464,0.00140691
329900,464,0.00140649
330000,464,0.00140606
330100,464,0.00140563
330200,465,0.00140824
330300,465,0.00140781
330400,465,0.00140738
330500,465,0.00140696
330600,466,0.00140956
330700,466,0.00140913
330800,466,0.00140871
330900,466,0.00140828
331000,466,0.00140785
331100,466,0.00140743
331200,466,0.001407
331300,466,0.00140658
331400,466,0.00140616
331500,467,0.00140875
331600,467,0.00140832
331700,467,0.0014079
331800,467,0.00140747
331900,468,0.00141006
332000,468,0.00140964
332100,468,0.00140921
332200,468,0.00140879
332300,468,0.00140837
332400,468,0.00140794
332500,469,0.00141053
332600,469,0.0014101
332700,469,0.00140968
332800,469,0.00140925
332900,469,0.00140883
333000,469,0.00140841
333100,470,0.00141099
333200,470,0.00141056
333300,470,0.00141014
333400,470,0.00140972
333500,470,0.0014093
333600,470,0.00140887
333700,470,0.00140845
333800,470,0.00140803
333900,470,0.00140761
334000,470,0.00140719
334100,470,0.00140676
334200,470,0.00140634
334300,470,0.00140592
334400,470,0.0014055
334500,470,0.00140508
334600,470,0.00140466
334700,471,0.00140723
334800,471,0.00140681
334900,471,0.00140639
335000,471,0.00140597
335100,471,0.00140555
335200,471,0.00140513
335300,471,0.00140471
335400,471,0.00140429
335500,471,0.00140387
335600,471,0.00140346
335700,471,0.00140304
335800,471,0.00140262
335900,471,0.0014022
336000,471,0.00140179
336100,471,0.00140137
336200,471,0.00140095
336300,471,0.00140054
336400,471,0.00140012
336500,471,0.0013997
336600,471,0.00139929
336700,471,0.00139887
336800,472,0.00140143
336900,472,0.00140101
337000,472,0.00140059
337100,472,0.00140018
337200,472,0.00139976
337300,472,0.00139935
337400,472,0.00139893
337500,472,0.00139852
337600,472,0.0013981
337700,473,0.00140065
337800,473,0.00140024
337900,474,0.00140278
338000,474,0.00140237
338100,475,0.00140491
338200,475,0.00140449
338300,475,0.00140408
338400,475,0.00140366
338500,475,0.00140325
338600,475,0.00140284
338700,475,0.00140242
338800,475,0.00140201
338900,475,0.00140159
339000,475,0.00140118
339100,475,0.00140077
339200,475,0.00140035
339300,475,0.00139994
339400,475,0.00139953
339500,475,0.00139912
339600,475,0.0013987
339700,475,0.00139829
339800,475,0.00139788
339900,477,0.00140335
340000,477,0.00140294
340100,477,0.00140253
340200,477,0.00140212
340300,477,0.0014017
340400,477,0.00140129
340500,478,0.00140382
340600,478,0.00140341
340700,478,0.00140299
340800,478,0.00140258
340900,478,0.00140217
341000,478,0.00140176
341100,478,0.00140135
341200,478,0.00140094
341300,478,0.00140053
341400,478,0.00140012
341500,478,0.00139971
341600,478,0.0013993
341700,478,0.00139889
341800,478,0.00139848
341900,478,0.00139807
342000,478,0.00139766
342100,478,0.00139725
342200,478,0.00139684
342300,478,0.00139644
342400,478,0.00139603
342500,479,0.00139854
342600,479,0.00139813
342700,479,0.00139772
342800,479,0.00139732
342900,479,0.00139691
343000,479,0.0013965
343100,479,0.00139609
343200,479,0.00139569
343300,479,0.00139528
343400,479,0.00139487
343500,480,0.00139738
343600,480,0.00139697
343700,480,0.00139657
343800,480,0.00139616
343900,480,0.00139575
344000,480,0.00139535
344100,480,0.00139494
344200,480,0.00139454
344300,480,0.00139413
344400,480,0.00139373
344500,480,0.00139332
344600,480,0.00139292
344700,480,0.00139252
344800,480,0.00139211
344900,480,0.00139171
345000,480,0.0013913
345100,480,0.0013909
345200,480,0.0013905
345300,480,0.0013901
345400,481,0.00139259
345500,481,0.00139219
345600,481,0.00139178
345700,481,0.00139138
345800,481,0.00139098
345900,481,0.00139058
346000,481,0.00139017
346100,481,0.00138977
346200,481,0.00138937
346300,481,0.00138897
346400,481,0.00138857
346500,481,0.00138817
346600,481,0.00138777
346700,481,0.00138737
346800,481,0.00138697
346900,481,0.00138657
347000,482,0.00138905
347100,482,0.00138865
347200,482,0.00138825
347300,482,0.00138785
347400,482,0.00138745
347500,482,0.00138705
347600,482,0.00138665
347700,482,0.00138625
347800,482,0.00138585
347900,482,0.00138546
348000,482,0.00138506
348100,483,0.00138753
348200,483,0.00138713
348300,484,0.00138961
348400,484,0.00138921
348500,484,0.00138881
348600,484,0.00138841
348700,484,0.00138801
348800,484,0.00138761
348900,484,0.00138722
349000,484,0.00138682
349100,484,0.00138642
349200,484,0.00138603
349300,485,0.00138849
349400,485,0.00138809
349500,485,0.0013877
349600,485,0.0013873
349700,486,0.00138976
349800,487,0.00139222
349900,487,0.00139183
350000,487,0.00139143
350100,487,0.00139103
350200,487,0.00139063
350300,487,0.00139024
350400,487,0.00138984
350500,487,0.00138944
350600,488,0.0013919
350700,489,0.00139435
350800,489,0.00139396
350900,489,0.00139356
351000,489,0.00139316
351100,490,0.00139561
351200,490,0.00139522
351300,490,0.00139482
351400,490,0.00139442
351500,490,0.00139403
351600,490,0.00139363
351700,490,0.00139323
351800,490,0.00139284
351900,490,0.00139244
352000,490,0.00139205
352100,491,0.00139449
352200,491,0.00139409
352300,491,0.0013937
352400,491,0.0013933
352500,491,0.00139291
352600,491,0.00139251
352700,491,0.00139212
352800,491,0.00139172
352900,491,0.00139133
353000,491,0.00139093
353100,491,0.00139054
353200,492,0.00139298
353300,492,0.00139258
353400,492,0.00139219
353500,492,0.0013918
353600,493,0.00139423
353700,493,0.00139384
353800,493,0.00139344
353900,493,0.00139305
354000,493,0.00139266
354100,493,0.00139226
354200,493,0.00139187
354300,493,0.00139148
354400,493,0.00139108
354500,493,0.00139069
354600,494,0.00139312
354700,494,0.00139273
354800,494,0.00139233
354900,494,0.00139194
355000,494,0.00139155
355100,494,0.00139116
355200,494,0.00139077
355300,494,0.00139037
355400,495,0.0013928
355500,495,0.00139241
355600,495,0.00139201
355700,495,0.00139162
355800,495,0.00139123
355900,495,0.00139084
356000,495,0.00139045
356100,496,0.00139287
356200,496,0.00139248
356300,496,0.00139209
356400,497,0.0013945
356500,497,0.00139411
356600,498,0.00139652
356700,498,0.00139613
356800,498,0.00139574
356900,499,0.00139815
357000,499,0.00139776
357100,499,0.00139737
357200,499,0.00139698
357300,499,0.00139659
357400,499,0.00139619
357500,499,0.0013958
357600,499,0.00139541
357700,499,0.00139502
357800,499,0.00139463
357900,499,0.00139424
358000,499,0.00139385
358100,499,0.00139347
358200,499,0.00139308
358300,500,0.00139548
358400,500,0.00139509
358500,501,0.00139749
358600,501,0.0013971
358700,501,0.00139671
358800,501,0.00139632
358900,501,0.00139593
359000,501,0.00139554
359100,502,0.00139794
359200,502,0.00139755
359300,502,0.00139716
359400,502,0.00139677
359500,502,0.00139638
359600,503,0.00139878
359700,503,0.00139839
359800,503,0.001398
359900,503,0.00139761
360000,503,0.00139722
360100,503,0.00139683
360200,504,0.00139922
360300,504,0.00139883
360400,505,0.00140122
360500,506,0.00140361
360600,506,0.00140322
360700,506,0.00140283
360800,506,0.00140244
360900,506,0.00140205
361000,506,0.00140166
361100,507,0.00140404
361200,507,0.00140365
361300,510,0.00141157
361400,510,0.00141118
361500,510,0.00141079
361600,510,0.0014104
361700,510,0.00141001
361800,510,0.00140962
361900,510,0.00140923
362000,510,0.00140884
362100,510,0.00140845
362200,510,0.00140806
362300,510,0.00140767
362400,510,0.00140728
362500,510,0.0014069
362600,510,0.00140651
362700,510,0.00140612
362800,510,0.00140573
362900,510,0.00140535
363000,510,0.00140496
363100,511,0.00140733
363200,511,0.00140694
363300,511,0.00140655
363400,511,0.00140616
363500,511,0.00140578
363600,512,0.00140814
363700,512,0.00140775
363800,512,0.00140737
363900,512,0.00140698
364000,513,0.00140934
364100,513,0.00140895
364200,513,0.00140857
364300,513,0.00140818
364400,513,0.00140779
364500,513,0.00140741
364600,513,0.00140702
364700,513,0.00140664
364800,513,0.00140625
364900,513,0.00140586
365000,513,0.00140548
365100,513,0.00140509
365200,513,0.00140471
365300,513,0.00140433
365400,513,0.00140394
365500,513,0.00140356
365600,513,0.00140317
365700,513,0.00140279
365800,513,0.00140241
365900,513,0.00140202
366000,513,0.00140164
366100,513,0.00140126
366200,513,0.00140087
366300,513,0.00140049
366400,514,0.00140284
366500,515,0.00140518
366600,515,0.0014048
366700,515,0.00140442
366800,515,0.00140403
366900,515,0.00140365
367000,515,0.00140327
367100,515,0.00140289
367200,515,0.00140251
367300,515,0.00140212
367400,515,0.00140174
367500,515,0.00140136
367600,515,0.00140098
367700,515,0.0014006
367800,516,0.00140294
367900,516,0.00140256
368000,516,0.00140217
368100,516,0.00140179
368200,516,0.00140141
368300,516,0.00140103
368400,516,0.00140065
368500,516,0.00140027
368600,517,0.0014026
368700,517,0.00140222
368800,517,0.00140184
368900,517,0.00140146
369000,517,0.00140108
369100,517,0.0014007
369200,517,0.00140032
369300,517,0.00139995
369400,517,0.00139957
369500,517,0.00139919
369600,517,0.00139881
369700,518,0.00140114
369800,518,0.00140076
369900,518,0.00140038
370000,518,0.0014
370100,519,0.00140232
370200,519,0.00140194
370300,521,0.00140697
370400,521,0.00140659
370500,522,0.00140891
370600,522,0.00140853
370700,522,0.00140815
370800,523,0.00141046
370900,523,0.00141008
371000,523,0.0014097
371100,523,0.00140932
371200,524,0.00141164
371300,524,0.00141126
371400,524,0.00141088
371500,524,0.0014105
371600,524,0.00141012
371700,524,0.00140974
371800,524,0.00140936
371900,524,0.00140898
372000,524,0.0014086
372100,524,0.00140822
372200,525,0.00141053
372300,525,0.00141015
372400,525,0.00140977
372500,525,0.0014094
372600,525,0.00140902
372700,525,0.00140864
372800,525,0.00140826
372900,525,0.00140788
373000,525,0.00140751
373100,525,0.00140713
373200,525,0.00140675
373300,525,0.00140638
373400,525,0.001406
373500,525,0.00140562
373600,525,0.00140525
373700,525,0.00140487
373800,526,0.00140717
373900,526,0.00140679
374000,526,0.00140642
374100,526,0.00140604
374200,526,0.00140567
374300,526,0.00140529
374400,526,0.00140491
374500,526,0.00140454
374600,526,0.00140416
374700,526,0.00140379
374800,526,0.00140342
374900,526,0.00140304
375000,526,0.00140267
375100,526,0.00140229
375200,526,0.00140192
375300,526,0.00140155
375400,526,0.00140117
375500,526,0.0014008
375600,526,0.00140043
375700,526,0.00140005
375800,526,0.00139968
375900,526,0.00139931
376000,526,0.00139894
376100,526,0.00139856
376200,526,0.00139819
376300,526,0.00139782
376400,526,0.00139745
376500,527,0.00139973
376600,527,0.00139936
376700,527,0.00139899
376800,527,0.00139862
376900,527,0.00139825
377000,527,0.00139788
377100,528,0.00140016
377200,528,0.00139979
377300,528,0.00139942
377400,528,0.00139905
377500,528,0.00139868
377600,528,0.00139831
377700,528,0.00139793
377800,528,0.00139756
377900,528,0.0013972
378000,528,0.00139683
378100,528,0.00139646
378200,528,0.00139609
378300,528,0.00139572
378400,528,0.00139535
378500,528,0.00139498
378600,528,0.00139461
378700,528,0.00139424
378800,528,0.00139388
378900,528,0.00139351
379000,528,0.00139314
379100,528,0.00139277
379200,528,0.00139241
379300,528,0.00139204
379400,528,0.00139167
379500,528,0.0013913
379600,528,0.00139094
379700,528,0.00139057
379800,528,0.00139021
379900,528,0.00138984
380000,528,0.00138947
380100,528,0.00138911
380200,528,0.00138874
380300,528,0.00138838
380400,528,0.00138801
380500,528,0.00138765
380600,528,0.00138728
380700,528,0.00138692
380800,528,0.00138655
380900,528,0.00138619
381000,528,0.00138583
381100,528,0.00138546
381200,528,0.0013851
381300,528,0.00138474
381400,528,0.00138437
381500,528,0.00138401
381600,528,0.00138365
381700,528,0.00138329
381800,528,0.00138292
381900,528,0.00138256
382000,528,0.0013822
382100,528,0.00138184
382200,528,0.00138148
382300,528,0.00138111
382400,528,0.00138075
382500,528,0.00138039
382600,528,0.00138003
382700,528,0.00137967
382800,528,0.00137931
382900,528,0.00137895
383000,528,0.00137859
383100,528,0.00137823
383200,528,0.00137787
383300,528,0.00137751
383400,528,0.00137715
383500,528,0.00137679
383600,528,0.00137643
383700,528,0.00137608
383800,528,0.00137572
383900,529,0.00137796
384000,529,0.0013776
384100,529,0.00137725
384200,529,0.00137689
384300,529,0.00137653
384400,529,0.00137617
384500,529,0.00137581
384600,529,0.00137546
384700,530,0.0013777
384800,531,0.00137994
384900,531,0.00137958
385000,531,0.00137922
385100,531,0.00137886
385200,531,0.0013785
385300,531,0.00137815
385400,531,0.00137779
385500,531,0.00137743
385600,532,0.00137967
385700,532,0.00137931
385800,532,0.00137895
385900,532,0.0013786
386000,532,0.00137824
386100,532,0.00137788
386200,532,0.00137752
386300,533,0.00137976
386400,535,0.00138458
386500,535,0.00138422
386600,535,0.00138386
386700,535,0.0013835
386800,536,0.00138573
386900,536,0.00138537
387000,536,0.00138501
387100,536,0.00138466
387200,536,0.0013843
387300,537,0.00138652
387400,537,0.00138616
387500,537,0.00138581
387600,537,0.00138545
387700,537,0.00138509
387800,539,0.00138989
387900,539,0.00138953
388000,539,0.00138918
388100,539,0.00138882
388200,539,0.00138846
388300,539,0.0013881
388400,539,0.00138774
388500,539,0.00138739
388600,539,0.00138703
388700,539,0.00138667
388800,539,0.00138632
388900,539,0.00138596
389000,539,0.0013856
389100,539,0.00138525
389200,539,0.00138489
389300,539,0.00138454
389400,539,0.00138418
389500,539,0.00138383
389600,539,0.00138347
389700,539,0.00138312
389800,539,0.00138276
389900,539,0.00138241
390000,540,0.00138462
390100,540,0.00138426
390200,541,0.00138647
390300,541,0.00138611
390400,542,0.00138832
390500,542,0.00138796
390600,542,0.00138761
390700,542,0.00138725
390800,542,0.0013869
390900,542,0.00138654
391000,542,0.00138619
391100,542,0.00138583
391200,542,0.00138548
391300,542,0.00138513
391400,542,0.00138477
391500,542,0.00138442
391600,542,0.00138407
391700,542,0.00138371
391800,542,0.00138336
391900,543,0.00138556
392000,543,0.0013852
392100,543,0.00138485
392200,543,0.0013845
392300,543,0.00138414
392400,543,0.00138379
392500,543,0.00138344
392600,543,0.00138309
392700,543,0.00138273
392800,543,0.00138238
392900,543,0.00138203
393000,543,0.00138168
393100,543,0.00138133
393200,543,0.00138098
393300,543,0.00138063
393400,544,0.00138282
393500,544,0.00138247
393600,544,0.00138211
393700,546,0.00138684
393800,547,0.00138903
393900,548,0.00139122
394000,548,0.00139086
394100,548,0.00139051
394200,549,0.00139269
394300,549,0.00139234
394400,549,0.00139199
394500,549,0.00139163
394600,549,0.00139128
394700,549,0.00139093
394800,549,0.00139058
394900,550,0.00139276
395000,550,0.00139241
395100,550,0.00139205
395200,550,0.0013917
395300,550,0.00139135
395400,550,0.001391
395500,550,0.00139064
395600,551,0.00139282
395700,552,0.001395
395800,552,0.00139464
395900,553,0.00139682
396000,553,0.00139646
396100,553,0.00139611
396200,553,0.00139576
396300,553,0.00139541
396400,553,0.00139506
396500,553,0.0013947
396600,553,0.00139435
396700,553,0.001394
396800,554,0.00139617
396900,554,0.00139582
397000,554,0.00139547
397100,554,0.00139511
397200,554,0.00139476
397300,554,0.00139441
397400,554,0.00139406
397500,554,0.00139371
397600,554,0.00139336
397700,554,0.00139301
397800,554,0.00139266
397900,554,0.00139231
398000,554,0.00139196
398100,555,0.00139412
398200,555,0.00139377
398300,556,0.00139593
398400,556,0.00139558
398500,556,0.00139523
398600,556,0.00139488
398700,556,0.00139453
398800,556,0.00139418
398900,556,0.00139383
399000,557,0.00139599
399100,558,0.00139815
399200,558,0.0013978
399300,558,0.00139745
399400,558,0.0013971
399500,558,0.00139675
399600,559,0.0013989
399700,559,0.00139855
399800,560,0.0014007
399900,560,0.00140035
400000,560,0.0014
400100,560,0.00139965
400200,560,0.0013993
400300,560,0.00139895
400400,561,0.0014011
400500,561,0.00140075
400600,561,0.0014004
400700,561,0.00140005
400800,561,0.0013997
400900,561,0.00139935
401000,561,0.001399
401100,561,0.00139865
401200,562,0.0014008
401300,563,0.00140294
401400,563,0.00140259
401500,563,0.00140224
401600,563,0.00140189
401700,564,0.00140403
401800,565,0.00140617
401900,565,0.00140582
402000,565,0.00140547
402100,565,0.00140512
402200,565,0.00140477
402300,565,0.00140442
402400,565,0.00140408
402500,565,0.00140373
402600,566,0.00140586
402700,566,0.00140551
402800,566,0.00140516
402900,567,0.0014073
403000,567,0.00140695
403100,567,0.0014066
403200,568,0.00140873
403300,568,0.00140838
403400,568,0.00140803
403500,568,0.00140768
403600,568,0.00140733
403700,569,0.00140946
403800,569,0.00140911
403900,570,0.00141124
404000,570,0.00141089
404100,570,0.00141054
404200,570,0.00141019
404300,570,0.00140984
404400,570,0.0014095
404500,570,0.00140915
404600,570,0.0014088
404700,570,0.00140845
404800,570,0.0014081
404900,570,0.00140775
405000,570,0.00140741
405100,570,0.00140706
405200,571,0.00140918
405300,572,0.0014113
405400,572,0.00141095
405500,572,0.0014106
405600,572,0.00141026
405700,573,0.00141237
405800,573,0.00141203
405900,574,0.00141414
406000,574,0.00141379
406100,575,0.00141591
406200,575,0.00141556
406300,575,0.00141521
406400,575,0.00141486
406500,575,0.00141451
406600,575,0.00141417
406700,575,0.00141382
406800,575,0.00141347
406900,575,0.00141312
407000,576,0.00141523
407100,576,0.00141489
407200,576,0.00141454
407300,576,0.00141419
407400,576,0.00141384
407500,576,0.0014135
407600,576,0.00141315
407700,577,0.00141526
407800,577,0.00141491
407900,577,0.00141456
408000,577,0.00141422
408100,577,0.00141387
408200,577,0.00141352
408300,577,0.00141318
408400,577,0.00141283
408500,577,0.00141248
408600,577,0.00141214
408700,577,0.00141179
408800,577,0.00141145
408900,577,0.0014111
409000,577,0.00141076
409100,577,0.00141041
409200,577,0.00141007
409300,577,0.00140972
409400,577,0.00140938
409500,578,0.00141148
409600,578,0.00141113
409700,579,0.00141323
409800,580,0.00141532
409900,580,0.00141498
410000,580,0.00141463
410100,580,0.00141429
410200,580,0.00141394
410300,581,0.00141604
410400,581,0.00141569
410500,581,0.00141535
410600,581,0.001415
410700,581,0.00141466
410800,581,0.00141431
410900,581,0.00141397
411000,581,0.00141363
411100,581,0.00141328
411200,581,0.00141294
411300,581,0.00141259
411400,581,0.00141225
411500,581,0.00141191
411600,581,0.00141156
411700,582,0.00141365
411800,582,0.00141331
411900,582,0.00141296
412000,582,0.00141262
412100,582,0.00141228
412200,582,0.00141194
412300,582,0.00141159
412400,582,0.00141125
412500,582,0.00141091
412600,583,0.00141299
412700,583,0.00141265
412800,583,0.00141231
412900,583,0.00141196
413000,583,0.00141162
413100,583,0.00141128
413200,583,0.00141094
413300,583,0.0014106
413400,584,0.00141268
413500,585,0.00141475
413600,585,0.00141441
413700,585,0.00141407
413800,585,0.00141373
413900,585,0.00141338
414000,585,0.00141304
414100,585,0.0014127
414200,585,0.00141236
414300,585,0.00141202
414400,585,0.00141168
414500,586,0.00141375
414600,586,0.00141341
414700,586,0.00141307
414800,586,0.00141273
414900,586,0.00141239
415000,586,0.00141205
415100,586,0.00141171
415200,587,0.00141378
415300,587,0.00141344
415400,587,0.0014131
415500,587,0.00141276
415600,587,0.00141242
415700,588,0.00141448
415800,588,0.00141414
415900,588,0.0014138
416000,588,0.00141346
416100,588,0.00141312
416200,588,0.00141278
416300,588,0.00141244
416400,589,0.00141451
416500,589,0.00141417
416600,589,0.00141383
416700,589,0.00141349
416800,589,0.00141315
416900,589,0.00141281
417000,589,0.00141247
417100,589,0.00141213
417200,589,0.00141179
417300,589,0.00141145
417400,589,0.00141112
417500,589,0.00141078
417600,589,0.00141044
417700,589,0.0014101
417800,589,0.00140977
417900,589,0.00140943
418000,589,0.00140909
418100,589,0.00140875
418200,589,0.00140842
418300,589,0.00140808
418400,590,0.00141013
418500,590,0.0014098
418600,590,0.00140946
418700,591,0.00141151
418800,592,0.00141356
418900,592,0.00141323
419000,592,0.00141289
419100,592,0.00141255
419200,592,0.00141221
419300,593,0.00141426
419400,593,0.00141392
419500,594,0.00141597
419600,594,0.00141563
419700,594,0.0014153
419800,594,0.00141496
419900,594,0.00141462
420000,595,0.00141667
420100,595,0.00141633
420200,595,0.00141599
420300,595,0.00141566
420400,596,0.0014177
420500,596,0.00141736
420600,596,0.00141702
420700,597,0.00141906
420800,597,0.00141873
420900,597,0.00141839
421000,597,0.00141805
421100,597,0.00141772
421200,598,0.00141975
421300,598,0.00141942
421400,598,0.00141908
421500,598,0.00141874
421600,598,0.00141841
421700,598,0.00141807
421800,598,0.00141773
421900,598,0.0014174