
1000,389,0.389
2000,830,0.415
3000,1251,0.417
4000,1661,0.41525
5000,2064,0.4128
6000,2494,0.415667
7000,2910,0.415714
8000,3324,0.4155
9000,3744,0.416
10000,4161,0.4161
11000,4588,0.417091
12000,5009,0.417417
13000,5448,0.419077
14000,5867,0.419071
15000,6288,0.4192
16000,6702,0.418875
17000,7122,0.418941
18000,7576,0.420889
19000,7999,0.421
20000,8408,0.4204
21000,8835,0.420714
22000,9266,0.421182
23000,9669,0.420391
24000,10068,0.4195
25000,10494,0.41976
26000,10923,0.420115
27000,11352,0.420444
28000,11773,0.420464
29000,12213,0.421138
30000,12624,0.4208
31000,13088,0.422194
32000,13486,0.421438
33000,13894,0.42103
34000,14308,0.420824
35000,14730,0.420857
36000,15151,0.420861
37000,15578,0.421027
38000,15986,0.420684
39000,16410,0.420769
40000,16866,0.42165
41000,17314,0.422293
42000,17748,0.422571
43000,18191,0.423046
44000,18616,0.423091
45000,19018,0.422622
46000,19449,0.422804
47000,19865,0.42266
48000,20288,0.422667
49000,20716,0.422776
50000,21137,0.42274
51000,21550,0.422549
52000,21983,0.42275
53000,22402,0.422679
54000,22778,0.421815
55000,23193,0.421691
56000,23616,0.421714
57000,24033,0.421632
58000,24460,0.421724
59000,24865,0.421441
60000,25303,0.421717
61000,25700,0.421311
62000,26116,0.421226
63000,26535,0.42119
64000,26931,0.420797
65000,27358,0.420892
66000,27792,0.421091
67000,28219,0.421179
68000,28623,0.420926
69000,29069,0.42129
70000,29479,0.421129
71000,29909,0.421254
72000,30332,0.421278
73000,30743,0.421137
74000,31159,0.421068
75000,31591,0.421213
76000,32026,0.421395
77000,32438,0.421273
78000,32878,0.421513
79000,33282,0.421291
80000,33702,0.421275
81000,34137,0.421444
82000,34549,0.421329
83000,34992,0.42159
84000,35439,0.421893
85000,35833,0.421565
86000,36247,0.421477
87000,36684,0.421655
88000,37119,0.421807
89000,37544,0.421843
90000,37964,0.421822
91000,38416,0.422154
92000,38828,0.422043
93000,39278,0.422344
94000,39702,0.422362
95000,40148,0.422611
96000,40595,0.422865
97000,41027,0.422959
98000,41459,0.423051
99000,41882,0.42305
100000,42308,0.42308
101000,42733,0.423099
102000,43152,0.423059
103000,43571,0.423019
104000,44017,0.42324
105000,44431,0.423152
106000,44856,0.42317
107000,45291,0.42328
108000,45718,0.423315
109000,46113,0.423055
110000,46525,0.422955
111000,46927,0.422766
112000,47351,0.422777
113000,47796,0.422973
114000,48220,0.422982
115000,48622,0.4228
116000,49051,0.422853
117000,49460,0.422735
118000,49866,0.422593
119000,50275,0.422479
120000,50714,0.422617
121000,51148,0.422711
122000,51572,0.422721
123000,52015,0.422886
124000,52446,0.422952
125000,52880,0.42304
126000,53305,0.423056
127000,53714,0.422945
128000,54138,0.422953
129000,54567,0.423
130000,54999,0.423069
131000,55446,0.423252
132000,55895,0.423447
133000,56323,0.423481
134000,56743,0.423455
135000,57145,0.423296
136000,57532,0.423029
137000,57938,0.422905
138000,58344,0.422783
139000,58778,0.422863
140000,59206,0.4229
141000,59625,0.422872
142000,60025,0.422711
143000,60464,0.422825
144000,60872,0.422722
145000,61269,0.422545
146000,61709,0.422664
147000,62146,0.422762
148000,62566,0.422743
149000,62972,0.422631
150000,63395,0.422633
151000,63827,0.422695
152000,64267,0.422809
153000,64676,0.422719
154000,65109,0.422786
155000,65529,0.422768
156000,65941,0.422699
157000,66370,0.422739
158000,66809,0.422842
159000,67216,0.422742
160000,67606,0.422538
161000,68042,0.422621
162000,68462,0.422605
163000,68898,0.422687
164000,69320,0.422683
165000,69756,0.422764
166000,70174,0.422735
167000,70591,0.422701
168000,71030,0.422798
169000,71472,0.422911
170000,71917,0.423041
171000,72356,0.423135
172000,72782,0.423151
173000,73250,0.42341
174000,73685,0.423477
175000,74097,0.423411
176000,74523,0.423426
177000,74943,0.423407
178000,75348,0.423303
179000,75765,0.423268
180000,76189,0.423272
181000,76638,0.423414
182000,77057,0.42339
183000,77479,0.423383
184000,77893,0.423332
185000,78342,0.42347
186000,78793,0.423618
187000,79226,0.423668
188000,79641,0.423622
189000,80073,0.423667
190000,80526,0.423821
191000,80952,0.423832
192000,81386,0.423885
193000,81784,0.423751
194000,82195,0.423686
195000,82597,0.423574
196000,83002,0.42348
197000,83408,0.423391
198000,83818,0.423323
199000,84233,0.423281
200000,84629,0.423145
201000,85076,0.423264
202000,85509,0.423312
203000,85912,0.423212
204000,86324,0.423157
205000,86744,0.423141
206000,87183,0.423218
207000,87615,0.423261
208000,88052,0.423327
209000,88488,0.423388
210000,88936,0.423505
211000,89351,0.423464
212000,89752,0.423359
213000,90162,0.423296
214000,90582,0.42328
215000,90981,0.423167
216000,91417,0.423227
217000,91830,0.42318
218000,92252,0.423174
219000,92661,0.42311
220000,93083,0.423105
221000,93481,0.422991
222000,93911,0.423023
223000,94338,0.42304
224000,94780,0.423125
225000,95205,0.423133
226000,95614,0.423071
227000,96054,0.423145
228000,96469,0.42311
229000,96879,0.423052
230000,97340,0.423217
231000,97750,0.42316
232000,98161,0.423108
233000,98597,0.423163
234000,99015,0.423141
235000,99425,0.423085
236000,99849,0.423089
237000,100266,0.423063
238000,100698,0.423101
239000,101087,0.422958
240000,101492,0.422883
241000,101900,0.422822
242000,102311,0.422773
243000,102730,0.422757
244000,103150,0.422746
245000,103564,0.42271
246000,103990,0.422724
247000,104412,0.422721
248000,104836,0.422726
249000,105234,0.422626
250000,105639,0.422556
251000,106047,0.422498
252000,106477,0.422528
253000,106905,0.422549
254000,107341,0.422602
255000,107781,0.422671
256000,108211,0.422699
257000,108639,0.42272
258000,109083,0.422802
259000,109475,0.422683
260000,109902,0.4227
261000,110296,0.42259
262000,110703,0.422531
263000,111117,0.422498
264000,111549,0.422534
265000,111967,0.422517
266000,112398,0.422549
267000,112825,0.422566
268000,113246,0.42256
269000,113640,0.422454
270000,114043,0.422381
271000,114474,0.422413
272000,114881,0.422357
273000,115328,0.422447
274000,115778,0.422547
275000,116191,0.422513
276000,116589,0.422424
277000,116981,0.422314
278000,117389,0.422263
279000,117814,0.422272
280000,118217,0.422204
281000,118644,0.422221
282000,119088,0.422298
283000,119526,0.422353
284000,119945,0.422342
285000,120372,0.422358
286000,120791,0.422346
287000,121209,0.422331
288000,121628,0.422319
289000,122043,0.422294
290000,122446,0.422228
291000,122890,0.422302
292000,123349,0.422428
293000,123768,0.422416
294000,124201,0.422452
295000,124605,0.42239
296000,125020,0.422365
297000,125439,0.422354
298000,125835,0.422265
299000,126240,0.422207
300000,126678,0.42226
301000,127089,0.422223
302000,127538,0.422311
303000,127969,0.42234
304000,128414,0.422414
305000,128831,0.422397
306000,129255,0.422402
307000,129671,0.422381
308000,130098,0.422396
309000,130539,0.422456
310000,130961,0.422455
311000,131360,0.422379
312000,131764,0.422321
313000,132182,0.422307
314000,132605,0.422309
315000,133018,0.422279
316000,133452,0.422316
317000,133873,0.422312
318000,134311,0.422362
319000,134745,0.422398
320000,135181,0.422441
321000,135621,0.422495
322000,136032,0.42246
323000,136465,0.422492
324000,136888,0.422494
325000,137314,0.422505
326000,137736,0.422503
327000,138168,0.422532
328000,138581,0.422503
329000,139003,0.422502
330000,139417,0.422476
331000,139850,0.422508
332000,140288,0.422554
333000,140698,0.422517
334000,141136,0.422563
335000,141559,0.422564
336000,141988,0.422583
337000,142391,0.422525
338000,142779,0.422423
339000,143199,0.422416
340000,143639,0.422468
341000,144070,0.422493
342000,144480,0.422456
343000,144906,0.422466
344000,145315,0.422427
345000,145718,0.422371
346000,146151,0.422402
347000,146577,0.422412
348000,147018,0.422466
349000,147427,0.422427
350000,147850,0.422429
351000,148286,0.422467
352000,148704,0.422455
353000,149097,0.422371
354000,149507,0.422336
355000,149934,0.422349
356000,150383,0.422424
357000,150801,0.422412
358000,151244,0.422469
359000,151667,0.422471
360000,152081,0.422447
361000,152481,0.422385
362000,152895,0.422362
363000,153291,0.422289
364000,153699,0.42225
365000,154136,0.42229
366000,154548,0.422262
367000,154963,0.422242
368000,155392,0.422261
369000,155819,0.422274
370000,156238,0.422265
371000,156661,0.422267
372000,157113,0.422347
373000,157557,0.422405
374000,157982,0.422412
375000,158404,0.422411
376000,158832,0.422426
377000,159263,0.422448
378000,159665,0.422394
379000,160086,0.42239
380000,160488,0.422337
381000,160919,0.42236
382000,161318,0.422298
383000,161766,0.422366
384000,162167,0.42231
385000,162586,0.422301
386000,162989,0.422251
387000,163424,0.422284
388000,163836,0.422258
389000,164267,0.42228
390000,164672,0.422236
391000,165061,0.422151
392000,165493,0.422176
393000,165925,0.422201
394000,166327,0.42215
395000,166738,0.422122
396000,167172,0.422152
397000,167593,0.422149
398000,167999,0.422108
399000,168426,0.42212
400000,168850,0.422125
401000,169288,0.422165
402000,169736,0.422229
403000,170170,0.422258
404000,170584,0.422238
405000,171019,0.422269
406000,171456,0.422305
407000,171882,0.422314
408000,172325,0.422365
409000,172755,0.422384
410000,173152,0.422322
411000,173576,0.422326
412000,174014,0.422364
413000,174418,0.42232
414000,174858,0.422362
415000,175260,0.422313
416000,175691,0.422334
417000,176127,0.422367
418000,176525,0.422309
419000,176956,0.422329
420000,177365,0.422298
421000,177808,0.422347
422000,178220,0.422322
423000,178646,0.422331
424000,179061,0.422314
425000,179473,0.422289
426000,179889,0.422275
427000,180315,0.422283
428000,180761,0.422339
429000,181190,0.422354
430000,181643,0.422426
431000,182066,0.422427
432000,182449,0.422336
433000,182884,0.422365
434000,183314,0.422382
435000,183730,0.422368
436000,184138,0.422335
437000,184582,0.422384
438000,184998,0.42237
439000,185431,0.422394
440000,185851,0.422389
441000,186281,0.422406
442000,186701,0.4224
443000,187146,0.422451
444000,187575,0.422466
445000,188018,0.422512
446000,188416,0.422457
447000,188857,0.422499
448000,189269,0.422475
449000,189699,0.422492
450000,190133,0.422518
451000,190550,0.422506
452000,190972,0.422504
453000,191415,0.42255
454000,191834,0.422542
455000,192256,0.422541
456000,192694,0.422575
457000,193111,0.422562
458000,193516,0.422524
459000,193922,0.422488
460000,194350,0.4225
461000,194737,0.422423
462000,195149,0.4224
463000,195565,0.422387
464000,196000,0.422414
465000,196418,0.422404
466000,196838,0.422399
467000,197258,0.422394
468000,197682,0.422397
469000,198104,0.422397
470000,198538,0.422421
471000,198984,0.422471
472000,199430,0.422521
473000,199874,0.422567
474000,200302,0.422578
475000,200715,0.422558
476000,201135,0.422553
477000,201522,0.422478
478000,201941,0.422471
479000,202350,0.422443
480000,202767,0.422431
481000,203213,0.42248
482000,203626,0.422461
483000,204059,0.422482
484000,204476,0.422471
485000,204889,0.422452
486000,205341,0.422512
487000,205778,0.422542
488000,206209,0.422559
489000,206601,0.422497
490000,207024,0.422498
491000,207428,0.42246
492000,207834,0.422427
493000,208265,0.422444
494000,208689,0.422447
495000,209116,0.422457
496000,209529,0.422437
497000,209928,0.42239
498000,210333,0.422355
499000,210763,0.422371
500000,211179,0.422358
501000,211598,0.422351
502000,212014,0.422339
503000,212426,0.422318
504000,212834,0.42229
505000,213253,0.422283
506000,213660,0.422253
507000,214090,0.422268
508000,214546,0.422335
509000,214983,0.422363
510000,215427,0.422406
511000,215851,0.422409
512000,216248,0.422359
513000,216688,0.422394
514000,217133,0.422438
515000,217543,0.422414
516000,217966,0.422415
517000,218387,0.422412
518000,218797,0.422388
519000,219231,0.42241
520000,219661,0.422425
521000,220081,0.42242
522000,220491,0.422397
523000,220889,0.42235
524000,221308,0.422344
525000,221749,0.422379
526000,222154,0.422346
527000,222548,0.422292
528000,223001,0.42235
529000,223420,0.422344
530000,223820,0.422302
531000,224250,0.422316
532000,224674,0.42232
533000,225106,0.422338
534000,225504,0.422292
535000,225914,0.422269
536000,226336,0.422269
537000,226744,0.422242
538000,227165,0.42224
539000,227598,0.42226
540000,228015,0.42225
541000,228434,0.422244
542000,228860,0.422251
543000,229297,0.422278
544000,229718,0.422276
545000,230132,0.422261
546000,230573,0.422295